61	0
61	1
62	1
63	1
63	1
63	1
63	1
64	0
64	1
64	1
64	1
65	1
66	2
67	3
67	0
67	0
67	0
67	4
67	0
67	0
67	0
67	4
67	3
67	2
67	0
67	0
67	3
67	1
67	0
67	0
67	0
68	5
68	5
69	0
69	0
70	1
71	0
71	0
71	0
71	0
71	0
71	1
71	1
71	0
72	0
72	1
73	1
73	2
74	1
75	6
75	6
75	0
75	0
75	6
75	6
76	4
76	1
76	1
76	7
76	1
76	1
77	8
78	1
79	0
80	4
80	4
80	4
80	4
81	2
82	4
82	9
83	1
83	1
83	2
83	1
83	2
83	1
83	1
84	0
84	1
84	1
84	1
84	0
84	1
84	1
85	3
86	1
87	1
87	1
88	0
88	0
88	0
88	10
88	0
88	0
88	0
88	0
88	0
88	0
88	0
88	0
89	3
89	3
89	2
89	3
89	0
90	0
90	0
90	0
90	0
90	2
91	0
91	1
91	1
92	3
92	1
92	0
92	0
92	11
92	4
92	3
92	7
92	0
92	4
92	0
92	2
92	12
92	0
93	3
93	1
93	1
93	13
93	1
93	0
94	14
94	1
94	1
95	0
95	0
96	15
96	15
97	1
97	1
97	1
97	0
97	1
97	1
97	1
97	0
97	1
97	1
97	1
97	3
98	1
99	1
99	1
100	2
100	1
100	1
100	0
100	0
101	0
101	11
101	0
101	0
101	11
101	0
101	16
101	0
102	1
102	1
102	1
102	1
102	1
102	1
102	1
102	1
102	1
102	1
102	1
102	1
102	1
102	1
102	1
102	1
102	1
102	1
102	1
102	1
102	1
102	1
102	1
102	1
102	1
102	1
102	1
102	1
102	1
102	1
102	1
102	1
102	1
102	1
102	1
102	1
102	1
102	1
102	1
102	1
102	17
102	1
102	1
102	1
102	1
102	1
102	1
102	1
102	1
102	1
102	1
102	1
102	1
102	1
102	1
102	1
102	1
102	1
102	0
102	0
102	1
102	1
102	1
102	1
102	0
102	1
102	1
102	1
102	1
102	1
102	1
102	1
102	1
102	1
102	1
102	1
102	1
102	1
102	1
102	1
102	1
102	1
102	1
102	1
102	0
102	1
102	1
102	2
102	1
102	1
102	0
102	0
102	1
102	1
102	1
102	1
102	1
102	0
102	1
102	1
102	1
102	1
102	1
102	1
102	1
102	0
102	1
102	0
102	1
102	0
102	1
102	1
102	1
102	2
102	1
102	1
102	1
102	1
102	1
102	1
102	1
102	1
102	1
102	1
102	1
102	1
102	1
102	1
102	1
102	1
102	1
102	1
102	1
102	1
102	1
102	1
102	1
102	1
102	1
102	1
102	1
102	1
102	1
102	1
102	1
102	1
102	1
102	1
102	1
102	1
102	1
102	1
102	1
102	1
102	1
102	1
102	1
102	1
102	1
102	1
102	1
102	1
102	1
102	1
102	0
102	1
102	1
102	1
102	1
102	1
102	1
102	1
102	1
102	1
102	1
102	1
102	1
102	1
102	1
102	1
102	1
102	1
102	1
102	1
102	1
103	18
103	2
103	0
104	1
104	0
105	1
106	1
107	3
107	2
107	1
107	0
107	0
107	12
107	0
107	4
107	0
107	0
108	2
108	2
109	1
110	1
110	0
110	0
110	0
110	19
110	0
110	0
110	0
110	0
110	0
110	0
110	0
110	1
110	0
110	16
110	0
110	0
110	0
110	0
110	0
110	4
110	0
110	0
110	0
110	0
110	11
110	0
110	0
110	4
110	0
110	0
110	0
110	0
110	0
110	0
110	0
110	0
110	0
110	4
110	0
110	0
110	0
110	3
110	0
110	3
110	0
110	0
110	0
110	4
110	0
110	0
110	4
110	0
110	0
110	0
110	1
110	4
110	11
110	0
110	4
110	0
110	8
110	0
110	2
110	0
111	0
111	2
111	0
111	0
111	0
111	0
111	0
111	0
111	0
111	0
111	19
111	4
111	19
111	11
111	0
111	0
111	1
111	0
111	0
111	0
111	0
111	0
111	11
111	11
111	3
111	0
111	0
111	4
111	4
111	0
111	0
111	0
111	19
111	0
111	0
111	3
111	11
111	0
111	0
111	0
111	20
111	0
111	0
111	1
111	0
111	0
111	11
111	0
111	0
112	0
112	0
112	0
112	11
112	11
112	1
113	9
114	1
114	1
114	1
114	1
114	1
114	1
115	1
115	1
115	1
115	1
115	1
115	1
115	1
116	0
116	21
116	0
116	0
117	1
118	0
119	2
119	0
119	0
120	2
121	0
121	8
121	14
121	22
121	2
121	10
122	1
123	0
123	0
123	0
123	1
123	1
123	1
123	3
123	3
123	2
123	0
123	1
123	1
123	1
123	1
123	0
123	0
123	0
123	0
123	0
124	1
124	1
124	1
125	1
126	1
126	1
126	0
126	1
126	1
126	1
126	0
126	1
126	0
126	1
126	0
126	1
126	0
126	1
126	0
126	1
126	0
126	1
126	1
126	1
126	1
126	1
126	13
126	1
126	1
126	1
126	1
126	1
126	1
126	1
126	1
126	1
126	0
126	0
126	1
126	1
126	1
126	1
126	1
126	0
127	0
127	0
127	0
127	1
127	0
127	0
127	3
127	1
127	1
127	0
127	0
127	1
127	0
127	3
127	1
127	3
127	1
127	3
127	0
127	0
127	0
127	0
127	3
127	1
127	1
127	0
127	0
127	0
127	0
128	1
128	1
128	0
128	1
128	1
129	1
130	1
131	0
132	0
133	1
133	0
134	0
134	0
134	4
134	1
134	0
134	3
134	0
134	3
134	0
134	0
134	0
134	3
135	6
135	0
135	0
136	1
137	0
138	3
138	1
139	1
139	1
139	1
139	1
140	0
140	0
140	0
140	0
140	4
141	1
142	1
142	1
143	1
144	0
145	0
145	0
146	1
147	1
147	4
148	0
148	1
148	3
149	23
149	10
149	1
149	0
149	0
149	0
149	10
149	10
149	0
149	0
149	2
149	0
149	0
149	1
149	0
149	10
149	0
149	10
149	0
149	0
149	0
149	10
149	0
149	10
149	10
149	10
149	22
149	0
149	0
149	10
149	10
149	0
149	10
149	22
149	0
149	0
149	10
149	10
149	0
149	10
149	0
149	0
150	10
150	10
150	10
150	10
150	10
150	10
150	0
151	0
151	10
151	0
151	0
151	0
152	0
152	10
152	0
152	10
152	10
152	10
152	10
152	0
152	0
152	23
152	0
152	10
152	10
152	10
152	0
152	15
152	2
152	10
152	0
152	0
152	10
152	10
152	0
152	0
152	10
152	0
152	10
152	0
152	23
152	10
152	0
152	0
152	10
152	10
152	10
152	0
152	10
152	10
152	0
152	10
152	0
152	0
152	10
152	10
152	10
152	10
152	10
152	0
152	0
152	10
152	0
152	10
152	22
152	10
152	2
152	0
152	0
152	0
152	10
152	10
152	23
152	0
152	0
152	22
152	0
152	10
153	0
154	24
154	24
154	24
154	24
154	24
154	24
154	2
154	24
154	24
154	24
154	24
154	24
154	23
154	24
154	24
155	0
155	10
155	0
155	0
155	10
155	0
155	10
155	0
155	0
155	10
155	10
155	0
155	0
155	10
155	0
155	23
155	10
155	0
155	22
156	0
157	0
157	23
157	23
157	0
157	0
157	0
157	23
157	0
157	25
157	23
157	10
157	0
157	23
157	0
157	0
157	23
157	23
157	23
157	23
157	23
157	0
157	23
157	26
157	0
157	25
157	0
157	3
157	23
157	23
157	0
157	2
157	23
157	23
157	23
157	23
157	23
157	23
157	23
157	23
157	23
157	23
157	23
157	23
157	23
157	23
157	10
157	23
157	4
157	0
157	23
157	23
157	1
157	3
157	23
157	23
157	23
157	0
157	0
157	23
157	23
157	23
157	23
157	23
157	23
157	23
157	23
157	23
157	23
157	23
157	23
157	23
157	23
157	23
157	23
157	3
157	23
157	23
157	0
157	10
157	23
157	23
157	23
157	23
157	23
157	23
157	0
157	0
157	0
157	0
157	0
157	23
157	23
157	23
157	0
157	10
157	23
157	23
157	23
157	23
157	23
157	23
157	23
157	0
157	0
157	0
157	0
157	23
157	2
157	23
157	23
157	23
157	23
157	0
157	23
157	23
157	10
157	4
157	0
157	23
157	23
157	27
157	23
157	0
157	3
157	0
157	0
157	0
157	2
157	3
157	23
157	10
157	6
157	3
157	23
157	10
157	23
157	3
157	23
157	0
157	0
157	10
157	23
157	23
157	23
157	0
157	0
157	3
157	23
157	3
157	0
157	0
157	0
157	2
157	10
157	0
157	0
157	0
157	3
157	0
157	3
157	3
157	0
157	10
157	10
157	23
157	3
157	0
157	0
158	3
158	0
158	0
159	2
159	3
159	3
159	6
159	6
159	2
160	3
160	18
161	1
162	1
162	0
162	4
162	1
162	1
162	7
163	10
163	7
163	1
164	12
165	1
165	3
165	3
166	2
167	0
167	1
167	21
167	0
168	1
168	1
168	1
168	1
168	1
168	1
168	1
168	1
168	1
169	1
169	1
169	1
169	0
169	0
169	1
169	1
169	1
169	1
169	1
169	1
169	1
169	1
169	0
169	1
169	1
170	1
170	1
170	1
170	1
170	1
170	2
170	1
170	1
170	1
170	1
170	1
171	1
171	1
171	0
172	2
172	2
173	0
174	1
174	1
174	1
174	0
175	0
176	3
176	0
176	3
177	1
177	13
178	3
178	0
178	0
178	1
178	1
178	0
178	0
178	0
178	0
178	0
179	0
180	28
180	19
181	0
181	0
181	0
182	1
183	1
184	0
184	2
185	0
186	11
186	0
187	1
187	1
188	3
189	0
189	1
189	0
189	0
189	0
189	0
190	29
191	0
192	0
192	1
192	3
192	1
192	0
192	3
192	3
192	3
192	3
192	1
192	1
192	1
192	1
192	30
193	1
193	0
193	0
194	0
194	1
195	0
195	1
196	1
196	14
196	1
196	14
196	1
196	14
196	3
196	14
196	1
196	1
196	3
196	3
196	3
196	14
196	1
196	1
196	0
196	1
196	1
196	1
196	1
196	14
196	1
196	1
196	1
196	1
196	1
197	1
197	2
198	0
198	0
198	8
198	0
199	3
199	0
200	0
201	0
202	0
203	3
204	1
205	31
205	31
205	31
205	31
205	31
205	31
205	31
205	1
205	31
205	31
205	9
205	9
205	9
205	31
205	9
206	0
207	21
208	2
208	0
209	0
210	1
210	1
211	3
212	1
213	2
214	1
214	0
214	0
214	0
214	1
214	0
215	1
216	0
217	10
217	10
217	1
217	13
217	0
217	1
217	0
217	10
217	1
217	10
217	0
217	10
217	1
217	0
217	10
217	10
217	1
218	1
218	1
218	1
218	1
218	1
219	1
220	0
220	0
220	0
220	0
221	1
221	1
221	1
221	1
222	1
222	1
222	1
222	1
222	1
222	1
222	1
223	0
224	0
225	0
226	0
227	6
228	1
229	0
230	2
231	0
231	0
231	0
231	23
232	1
232	27
232	1
233	1
233	3
234	1
234	3
235	3
235	1
236	4
237	1
237	1
237	1
238	3
239	0
240	0
240	0
241	0
241	6
241	3
241	0
241	0
241	3
241	3
242	3
243	0
244	0
244	1
245	1
246	1
247	2
247	2
248	0
248	0
248	0
249	1
249	1
249	1
249	1
249	1
249	0
249	1
249	1
249	1
249	1
249	4
249	28
249	1
249	1
249	1
249	1
249	1
249	0
250	1
250	0
250	0
250	1
251	0
252	1
252	1
253	0
254	1
254	1
254	1
254	1
254	1
254	1
254	1
255	6
256	13
257	3
257	0
257	0
258	32
258	32
259	0
260	3
261	1
262	1
262	1
263	1
264	1
265	2
266	2
266	1
266	1
266	1
266	1
266	1
266	1
266	1
266	1
266	1
266	1
266	1
266	1
266	0
266	1
266	0
266	1
266	1
266	0
266	1
266	1
266	1
266	1
266	1
266	1
266	1
266	1
266	1
266	0
266	0
266	1
266	1
266	0
266	1
266	1
266	30
266	1
266	1
266	1
266	1
266	0
266	1
266	1
266	1
266	1
266	0
266	1
266	1
266	0
266	1
266	1
266	1
266	1
266	1
266	1
266	1
266	1
266	1
266	17
266	1
266	1
266	1
266	0
266	0
266	0
266	1
266	1
266	1
266	1
266	0
266	1
266	1
266	1
266	1
266	1
266	1
266	1
266	1
266	1
266	1
266	1
266	1
266	0
266	1
266	1
266	3
266	0
267	1
268	1
268	2
269	1
269	1
269	1
269	1
270	1
270	0
270	1
270	0
270	1
270	1
270	1
271	1
272	1
272	1
272	1
272	1
272	1
273	1
274	1
275	4
276	1
276	1
276	0
276	1
276	1
276	0
276	1
276	1
277	0
277	0
277	0
277	0
277	2
277	0
277	2
277	0
277	2
277	10
277	2
277	10
278	0
278	3
279	1
280	1
280	1
280	1
280	1
281	3
281	0
281	1
282	1
282	3
282	1
282	1
282	1
282	3
282	1
282	1
282	0
282	1
282	1
282	0
283	0
284	1
284	1
284	23
284	1
285	1
286	1
287	10
287	7
287	2
287	2
287	4
287	0
287	0
287	2
288	2
288	2
288	1
288	1
288	1
289	1
289	1
289	1
290	0
290	0
290	0
291	3
292	1
292	1
292	1
293	0
293	0
293	33
294	1
295	1
295	1
296	3
297	0
297	1
298	1
298	0
298	0
298	0
299	0
299	1
299	4
299	1
299	0
299	7
300	0
300	0
300	0
300	21
300	0
300	0
300	0
300	12
301	10
301	0
301	0
302	0
303	1
303	1
304	1
305	0
306	1
306	34
306	34
306	1
306	34
306	34
306	34
306	1
307	1
308	0
308	0
308	0
308	0
308	0
308	0
308	33
308	0
308	0
308	0
308	0
308	0
308	23
308	0
308	0
308	0
308	0
308	0
308	0
308	0
308	0
308	0
308	0
308	0
308	0
308	0
308	0
308	2
308	23
308	0
309	1
309	0
309	1
310	1
310	1
310	1
310	1
310	1
310	1
310	1
310	1
310	1
310	1
310	1
310	1
310	1
310	1
310	1
311	0
311	1
312	1
313	1
314	0
314	1
314	0
314	1
314	1
314	1
314	1
314	1
314	1
314	1
314	1
314	1
314	1
314	1
314	1
314	1
314	1
314	1
315	1
315	1
315	1
315	1
315	1
315	1
315	1
316	1
316	1
317	1
317	1
317	1
318	1
318	1
319	0
319	1
319	0
319	0
319	0
319	1
319	1
319	1
319	1
320	1
320	1
321	1
322	0
323	0
324	0
325	3
326	2
327	0
327	0
328	1
328	1
328	1
328	1
328	1
328	1
328	1
328	1
328	1
328	1
328	1
328	1
328	1
329	0
329	1
329	16
329	1
330	1
330	1
330	1
330	1
330	1
330	1
330	1
331	1
331	1
331	1
331	1
331	1
331	1
331	1
331	1
331	0
331	1
331	1
331	1
331	1
331	1
331	1
331	1
331	1
331	1
331	1
331	1
332	1
332	1
332	1
332	1
333	1
333	0
333	0
333	1
333	1
333	0
333	1
333	1
333	1
333	1
333	1
334	1
334	1
335	1
336	1
336	1
336	1
337	1
337	1
337	1
337	1
338	1
339	2
340	14
340	0
341	1
341	0
342	0
342	0
342	1
343	0
343	0
344	0
344	0
344	0
345	1
346	1
347	0
348	3
348	1
349	0
350	0
350	4
350	4
350	4
350	4
350	2
351	1
351	1
352	0
353	1
353	1
353	1
354	0
354	0
354	3
354	4
354	0
354	0
355	1
356	1
356	1
357	5
358	1
359	10
360	2
361	1
361	1
361	3
361	0
362	1
362	1
363	0
364	14
364	4
364	1
364	14
365	5
365	1
365	1
365	1
366	1
366	1
366	1
367	1
368	1
368	1
368	1
369	0
369	21
369	0
369	0
369	0
369	0
369	0
369	0
369	0
369	0
369	0
369	0
369	0
369	1
369	0
369	4
369	0
369	0
369	0
369	0
369	0
369	0
369	0
369	1
369	0
369	0
369	0
369	2
369	0
369	0
369	0
369	0
369	0
369	1
369	0
369	3
369	0
369	0
369	0
369	0
369	1
369	0
369	1
369	0
369	0
370	2
371	1
372	1
373	1
373	3
373	27
373	7
373	1
373	2
373	1
373	1
374	1
375	17
375	1
375	3
375	1
375	1
375	1
375	1
375	0
375	1
375	0
375	27
375	1
375	1
375	1
375	1
375	1
375	1
375	1
375	1
375	1
375	1
375	0
375	1
375	1
375	1
375	1
375	1
376	1
377	0
377	0
377	1
377	0
377	0
377	0
377	0
377	14
377	1
378	2
379	0
380	0
381	1
381	0
381	0
382	0
382	0
383	0
384	0
385	0
386	1
387	1
388	0
388	0
388	1
388	19
388	0
388	0
388	0
389	1
389	35
389	1
389	1
389	1
389	1
389	1
389	12
389	1
389	1
389	1
389	1
390	1
391	1
392	0
392	0
392	2
392	0
393	1
393	0
394	1
394	0
394	3
394	1
395	1
396	2
396	2
397	1
398	1
398	10
399	0
399	1
399	0
399	1
399	0
399	1
400	1
400	0
400	0
400	1
400	0
400	0
400	1
400	1
400	0
400	4
400	2
400	0
401	0
401	3
401	3
401	1
402	0
403	0
403	0
403	1
403	0
404	2
404	0
405	1
406	1
406	0
406	0
407	0
407	0
407	0
407	0
407	0
407	0
407	0
407	0
407	1
407	0
407	0
407	0
407	0
407	0
408	0
408	0
408	0
409	0
409	0
409	0
409	0
409	0
409	0
410	16
410	16
410	0
411	1
412	0
412	1
412	0
412	1
412	0
412	0
412	0
413	0
413	3
413	1
414	1
415	8
415	0
415	3
416	10
416	23
417	1
418	0
419	0
419	4
419	0
419	16
419	0
420	0
421	4
421	21
422	1
422	1
423	1
424	1
425	0
425	0
425	15
426	1
427	0
427	1
428	4
429	8
429	1
429	0
430	0
430	0
430	0
430	0
430	0
430	0
430	0
430	0
430	0
430	0
430	19
430	19
430	0
430	1
430	0
430	0
430	0
430	0
430	0
430	0
430	0
430	19
430	0
430	0
430	0
430	0
430	2
430	0
430	0
430	0
430	0
430	0
430	0
430	0
430	0
430	0
430	0
430	0
430	0
430	0
430	0
430	0
430	0
430	0
430	0
430	0
430	0
430	0
430	0
430	0
430	0
430	0
430	0
430	1
430	3
430	0
430	0
430	0
430	0
430	0
430	0
430	0
430	1
430	0
430	0
430	1
430	16
430	0
430	0
430	0
430	0
430	0
430	0
430	0
430	0
430	0
430	0
430	0
430	4
430	0
430	1
430	3
430	0
430	0
430	11
430	0
430	0
430	0
430	0
430	0
430	19
430	2
430	0
430	0
430	0
430	0
430	1
430	0
430	0
430	0
430	3
430	0
430	36
430	0
430	0
430	0
430	1
430	1
430	0
430	0
430	0
430	4
430	0
430	16
430	0
430	1
430	0
430	0
430	0
430	0
430	0
430	0
430	0
430	0
430	0
430	0
430	4
430	0
430	0
430	0
430	0
430	0
430	0
430	0
430	0
430	0
430	1
430	16
430	0
430	1
430	0
430	0
430	1
430	33
430	0
430	11
430	0
430	0
430	11
430	0
430	16
430	0
430	0
430	0
430	0
430	0
430	0
430	11
430	0
430	0
430	0
430	0
430	3
430	0
430	0
430	0
430	0
430	0
430	0
430	0
430	0
430	0
430	0
430	0
430	0
430	0
430	0
430	0
430	0
430	0
430	0
430	0
430	0
430	8
430	33
430	0
430	33
430	0
430	0
430	0
430	0
430	33
430	1
430	0
430	0
430	0
430	2
430	0
430	33
430	0
430	0
430	0
430	0
430	0
430	0
430	0
430	33
430	0
430	0
430	0
430	0
430	0
430	0
430	0
430	0
430	0
430	0
430	0
430	0
430	2
430	0
430	0
430	0
430	0
430	33
430	0
430	0
430	0
430	0
430	0
431	3
432	0
432	1
433	1
434	0
434	1
434	0
434	2
434	1
434	4
434	3
434	1
435	1
436	1
436	1
436	1
436	1
436	1
437	0
438	1
438	1
438	1
438	1
438	1
438	1
438	1
438	1
438	1
439	0
440	3
441	10
442	1
443	6
443	0
444	0
444	0
445	1
446	2
447	1
447	2
448	0
448	1
449	0
449	0
449	0
449	2
449	2
450	1
451	0
452	4
453	14
454	2
454	0
455	3
456	0
457	1
457	1
458	0
458	3
458	4
459	1
459	1
459	1
459	1
459	1
460	4
461	0
462	0
463	0
464	1
465	1
465	0
465	0
465	1
465	1
465	0
465	0
465	1
465	4
465	0
465	1
465	0
465	1
465	1
465	1
465	4
465	1
465	0
465	1
465	1
465	13
466	0
467	0
467	0
467	1
467	1
467	1
468	0
468	0
468	3
468	1
468	1
468	1
469	1
469	0
469	0
469	0
469	0
469	10
469	0
469	0
469	0
469	1
469	0
469	0
469	0
470	1
471	1
471	1
471	1
471	1
471	1
471	4
472	1
472	1
472	1
472	1
472	1
472	1
472	1
472	1
472	1
472	1
473	0
473	0
473	1
473	1
473	10
473	1
473	1
474	1
475	10
476	11
477	1
477	1
477	0
477	0
478	4
478	1
478	21
479	6
479	1
479	0
480	1
481	3
482	1
482	1
483	4
483	0
483	4
483	4
483	4
483	0
483	0
483	9
483	0
484	0
485	21
486	0
486	0
487	1
488	1
488	1
488	1
488	1
488	1
488	1
489	0
489	1
489	1
489	4
489	1
490	3
491	3
491	0
491	0
491	0
491	0
491	0
491	30
491	0
491	0
491	0
491	2
492	0
493	0
493	0
494	1
494	1
494	1
495	1
495	0
496	9
497	2
497	16
498	0
498	0
498	1
498	0
498	0
498	0
498	0
498	0
498	0
498	0
498	0
498	0
498	0
498	0
498	0
498	3
499	0
499	1
499	0
499	1
499	2
499	1
500	1
500	1
500	1
501	1
502	37
503	0
503	0
503	0
503	0
503	0
503	0
503	0
503	0
503	0
503	3
503	4
503	0
503	0
503	0
503	0
503	0
503	3
503	3
503	0
503	0
503	0
503	0
503	0
503	3
503	0
503	0
503	0
503	0
503	0
503	0
503	0
503	0
503	0
503	0
503	0
503	0
503	3
503	0
503	0
503	7
503	0
503	0
503	0
503	0
503	7
503	0
504	0
504	0
504	3
504	1
504	1
504	4
505	1
505	1
505	1
505	1
505	1
505	1
505	1
505	1
505	0
506	0
506	0
506	0
506	0
506	0
506	0
506	0
506	1
506	0
506	0
506	0
506	0
507	0
507	0
507	0
507	0
507	0
507	0
507	3
507	3
507	0
507	0
507	0
507	3
507	38
507	0
507	0
507	0
507	0
507	3
507	0
507	3
507	0
507	0
507	0
507	4
507	3
507	4
507	0
507	7
507	0
507	0
507	0
507	0
507	4
507	7
507	0
507	0
507	0
507	4
507	0
508	0
508	0
508	0
508	1
508	0
508	0
508	0
508	0
508	0
508	3
508	0
508	0
508	0
508	0
508	0
508	0
508	0
508	0
508	0
508	0
508	0
509	0
510	4
510	1
510	0
511	0
512	0
512	0
512	0
512	1
512	0
512	0
512	0
512	0
512	0
512	0
512	0
512	0
513	0
513	0
514	1
514	33
514	0
515	3
516	3
516	10
516	10
516	2
516	0
517	0
518	1
519	14
520	2
521	0
522	1
523	10
524	0
524	0
525	1
525	1
525	1
525	1
525	1
525	1
525	1
526	1
526	1
526	1
526	1
526	1
526	1
526	1
526	1
526	1
526	1
526	1
526	1
526	1
526	1
526	1
526	1
526	1
527	1
528	1
528	1
528	1
528	1
528	1
528	1
528	1
529	1
529	1
530	1
531	1
531	1
531	1
531	1
531	0
532	0
532	1
532	1
532	1
533	1
533	1
534	0
535	0
536	2
537	0
537	0
538	0
538	1
538	0
538	0
538	0
539	0
539	0
539	0
539	3
539	36
539	0
539	0
539	0
539	0
539	0
539	0
539	0
539	0
539	0
539	0
539	0
539	0
539	0
539	0
539	0
539	3
539	0
539	0
539	0
540	3
540	0
540	1
540	1
540	1
540	14
540	21
540	1
540	1
541	14
542	0
543	0
543	0
543	0
544	1
545	1
545	1
545	1
545	1
546	1
546	1
546	1
546	1
547	5
547	5
547	5
547	5
547	5
547	5
547	5
547	5
547	5
547	5
547	5
547	5
547	5
547	5
547	5
547	5
547	5
547	5
547	5
547	5
547	5
548	2
548	0
548	2
549	0
549	1
550	1
550	1
550	1
550	1
550	1
550	1
550	1
550	1
550	1
550	1
550	1
550	1
550	1
550	1
550	1
550	1
550	1
550	1
550	1
550	1
550	1
550	1
550	1
550	1
550	1
550	1
550	1
550	1
550	1
550	1
550	1
550	1
550	1
550	1
550	1
550	1
550	1
550	17
550	1
550	1
550	1
550	1
550	1
551	4
552	1
553	0
553	0
553	4
553	0
553	0
553	1
553	7
553	4
553	4
553	4
553	21
554	1
555	1
556	0
556	11
556	1
556	0
556	0
556	1
556	2
556	10
556	1
556	1
556	1
557	0
558	4
559	1
559	1
559	3
559	1
559	1
559	1
559	1
559	13
560	1
560	1
560	3
560	1
560	1
560	1
560	1
561	1
562	2
562	0
563	2
564	1
564	0
564	0
565	39
566	4
567	14
568	14
569	1
570	1
571	1
572	1
572	1
573	0
574	2
574	2
575	2
575	11
575	0
575	3
576	1
576	1
576	1
577	1
577	1
577	10
577	3
577	1
577	1
577	0
577	1
577	1
577	1
578	13
579	2
579	2
580	1
580	1
580	1
580	7
580	4
581	1
581	1
582	0
583	2
583	1
584	1
584	1
585	1
585	1
586	1
586	1
586	1
586	1
586	1
586	1
586	1
586	1
586	1
586	1
586	1
586	1
586	1
586	1
586	1
587	0
587	0
587	0
588	1
588	1
589	0
589	40
589	2
589	41
589	2
589	2
589	2
589	2
589	12
590	2
590	2
591	40
591	40
591	2
591	40
591	40
591	2
591	41
591	41
591	41
591	40
591	41
591	2
591	2
591	42
591	41
591	2
591	41
591	42
591	41
591	41
591	42
591	41
591	41
591	41
591	41
591	41
591	2
591	41
591	42
591	41
591	41
591	21
591	21
591	2
591	2
591	41
591	41
591	21
591	2
591	42
591	41
591	42
591	41
591	41
591	2
591	41
591	41
591	41
591	42
591	2
591	41
591	21
591	42
591	41
591	42
591	2
591	41
591	42
591	41
591	42
591	2
591	41
591	40
591	41
591	42
591	41
591	41
591	41
591	41
591	42
591	41
591	41
591	2
591	2
591	41
591	42
591	41
591	41
591	41
591	41
591	41
591	42
591	42
591	42
591	41
591	42
591	42
591	41
591	41
591	41
591	41
591	41
591	41
591	41
591	41
592	0
592	41
592	2
592	21
592	21
593	0
594	3
595	4
595	4
596	3
596	0
597	0
598	2
598	0
598	1
599	0
599	0
599	2
599	0
599	0
599	4
599	2
600	2
601	1
601	0
602	2
602	0
602	2
602	2
603	1
604	0
604	21
605	0
605	11
605	0
605	0
606	0
606	0
606	0
606	0
606	0
606	0
606	0
606	0
606	0
607	11
608	0
608	0
609	0
609	1
609	0
609	0
609	4
610	0
610	0
610	0
610	0
610	4
610	1
610	0
611	0
611	0
612	14
613	1
614	1
614	4
615	14
616	0
616	0
616	0
616	0
616	7
616	0
616	0
616	0
616	0
616	0
617	0
618	3
618	2
619	0
619	0
619	0
620	1
620	1
620	1
620	11
620	1
620	1
621	2
621	0
622	0
623	0
623	2
624	2
625	1
625	1
626	2
626	2
627	0
628	1
628	16
629	10
629	0
629	2
629	10
630	0
630	21
631	1
632	2
633	1
634	3
635	3
636	1
636	1
636	1
636	0
636	1
636	1
636	1
636	1
636	1
636	1
636	1
636	2
636	1
636	1
636	1
636	1
636	1
636	1
636	1
636	1
636	1
636	1
636	1
636	1
636	0
636	2
636	1
636	1
636	1
636	1
636	14
636	1
636	1
636	1
636	1
636	1
636	1
636	1
636	1
636	7
636	1
636	1
636	3
636	1
636	1
636	1
636	1
637	1
638	1
638	1
639	13
640	1
641	1
642	14
643	0
643	0
643	14
643	14
643	0
643	0
644	1
644	0
645	1
646	0
647	1
648	1
648	1
648	1
648	1
648	1
648	1
648	1
648	1
648	1
648	2
648	0
648	1
648	1
648	1
648	1
648	0
648	1
648	1
648	1
648	1
648	1
648	1
648	1
648	1
648	1
648	1
648	1
648	1
648	1
648	1
648	1
648	0
648	1
648	1
648	1
648	1
648	0
648	1
648	1
648	1
648	1
648	1
648	1
648	1
648	1
648	1
648	1
648	1
648	1
648	1
648	1
648	1
648	1
648	1
648	1
648	1
648	1
648	1
648	1
648	1
649	1
649	1
649	1
649	1
649	1
649	0
650	1
650	1
650	1
650	1
650	1
650	0
650	1
650	1
650	1
650	1
650	1
650	1
650	1
650	1
650	1
650	1
650	1
650	1
650	1
650	1
650	1
650	1
650	1
650	1
650	1
650	1
650	1
650	1
650	1
650	1
650	1
650	1
650	1
650	1
650	1
650	1
650	1
650	1
650	1
650	1
650	0
650	0
650	1
650	1
650	1
650	1
650	1
650	1
650	1
650	1
650	1
650	1
651	1
651	1
651	1
651	0
651	1
651	0
651	1
651	1
651	1
651	1
651	1
651	1
651	1
651	1
651	1
651	0
651	1
651	1
651	1
651	1
651	1
651	0
652	1
653	0
654	0
655	1
656	3
657	7
658	0
659	1
659	1
660	2
660	3
661	2
662	1
662	1
662	43
663	0
663	44
664	10
665	1
665	1
665	31
666	1
666	1
666	1
666	1
666	1
666	1
666	1
667	1
668	0
668	0
668	0
668	0
668	7
668	0
668	0
668	0
668	7
669	21
669	0
669	2
669	0
669	0
669	0
670	0
670	3
670	0
670	3
670	0
670	0
670	0
670	0
670	0
670	0
670	0
670	3
670	0
670	0
670	0
671	0
671	0
671	1
671	0
672	21
672	2
673	0
674	0
674	2
674	0
674	1
674	0
674	0
674	4
674	3
674	2
674	2
674	0
674	3
674	8
674	2
674	3
674	0
674	1
675	2
676	1
677	1
677	1
678	0
678	1
678	4
678	4
678	1
678	1
678	4
679	2
680	2
681	42
682	1
683	1
683	1
683	1
684	1
684	1
684	1
684	1
684	1
684	1
684	1
684	1
684	1
684	1
684	1
684	1
684	1
684	1
685	0
686	1
686	1
686	1
686	1
686	1
686	1
686	1
687	1
687	1
687	1
687	1
687	2
687	1
687	1
687	29
687	1
687	1
687	1
687	1
687	1
688	1
688	1
689	1
689	1
689	1
689	1
689	4
689	1
689	1
689	1
689	1
689	1
689	1
689	1
689	1
689	1
689	1
689	1
689	1
689	1
689	1
689	12
689	1
689	1
689	1
689	1
689	1
689	1
690	1
691	1
691	4
691	1
691	1
691	4
691	1
691	4
691	1
691	1
691	4
691	4
691	4
691	1
691	4
691	4
691	4
691	1
691	21
691	4
692	1
692	1
692	1
693	1
693	3
693	0
693	0
693	1
693	0
693	4
693	3
693	1
693	3
693	0
694	0
695	10
695	0
696	0
696	0
696	0
696	1
696	1
696	1
696	1
696	0
696	0
696	1
696	3
696	0
696	3
696	0
696	0
696	11
696	1
696	27
697	45
697	45
697	45
697	45
697	45
697	45
697	45
697	45
697	10
697	45
697	37
697	45
697	40
697	45
697	45
697	40
697	45
697	45
697	45
697	41
697	45
697	40
697	45
697	45
697	45
697	10
697	45
697	2
697	10
697	40
697	2
697	40
697	41
697	2
697	18
697	41
697	12
698	1
698	1
698	1
698	1
698	1
698	1
698	1
699	1
700	3
701	1
701	0
701	0
701	0
701	0
701	3
701	0
701	0
701	21
701	0
701	1
701	0
701	0
701	0
702	1
703	1
703	1
704	0
705	1
706	1
706	1
706	1
707	4
708	4
709	2
710	0
710	0
710	1
711	3
712	3
713	1
714	0
714	7
714	3
714	1
714	3
714	3
714	1
714	3
714	1
714	36
715	0
716	1
716	0
716	3
716	3
716	1
716	3
716	0
717	1
717	1
717	0
717	3
717	0
717	3
717	3
718	0
718	13
719	0
720	0
721	0
722	9
723	1
724	14
725	0
725	1
725	0
725	1
725	1
725	1
725	1
725	1
725	1
725	1
725	1
725	1
725	1
725	1
726	23
726	2
726	2
727	1
727	3
727	13
727	3
727	2
727	1
727	3
727	1
727	0
727	0
727	1
727	1
727	1
727	1
727	1
727	1
727	1
727	1
727	1
727	1
727	0
727	0
727	1
727	1
727	1
727	2
728	0
728	0
728	0
729	29
729	29
729	29
730	46
730	46
731	43
732	35
733	2
733	2
734	7
734	7
735	1
735	1
735	1
735	1
735	1
735	1
735	1
735	1
735	1
735	1
735	1
736	14
736	0
736	14
736	14
736	14
737	1
737	1
737	1
737	1
737	1
737	1
737	1
737	1
737	1
737	1
737	1
738	1
738	1
738	1
738	1
738	1
739	1
739	1
739	1
739	1
739	30
739	1
739	0
739	2
739	1
739	1
739	1
739	1
739	2
739	1
739	1
739	1
739	1
739	2
739	1
739	1
739	1
739	1
739	1
739	0
739	47
739	1
739	1
739	1
739	0
739	1
739	1
739	1
739	2
739	1
739	1
739	1
739	1
739	1
739	1
739	1
739	1
739	1
739	1
739	2
739	1
739	1
739	1
739	1
740	4
741	0
742	1
742	1
743	0
743	40
743	0
743	0
743	2
743	0
743	3
743	0
743	0
743	0
743	13
743	0
743	2
743	0
743	2
743	30
743	2
743	0
743	2
743	0
743	0
743	0
743	0
743	0
743	0
744	21
744	2
744	2
744	0
745	4
745	0
745	4
745	0
746	0
746	0
746	43
747	4
747	4
747	2
748	10
749	2
749	1
749	2
750	4
751	4
751	19
751	4
752	1
752	1
752	1
752	1
752	1
752	1
752	1
752	1
752	1
752	1
752	1
752	1
752	1
752	1
752	1
752	1
752	1
752	1
752	1
752	1
752	1
752	1
752	1
752	1
752	1
753	1
753	1
754	1
754	1
755	1
755	1
755	1
756	1
757	1
757	1
757	1
757	1
757	3
757	0
757	1
757	1
757	1
757	0
757	1
757	1
757	1
757	1
757	0
757	1
757	3
757	3
757	1
757	1
757	1
757	0
757	1
757	1
757	1
758	1
758	1
758	1
758	1
758	1
758	1
758	0
758	3
758	1
758	1
758	1
758	0
758	1
758	0
758	0
758	1
758	1
758	1
758	1
758	0
758	0
758	1
758	0
758	0
758	1
758	1
758	0
758	1
758	1
758	1
758	3
758	1
758	1
758	1
758	13
758	0
758	1
758	0
758	1
758	0
758	0
758	0
758	1
758	6
758	1
758	0
758	0
758	1
758	0
758	1
758	21
758	1
758	0
758	3
758	1
758	1
758	1
758	1
758	1
758	0
758	1
758	1
759	1
759	1
759	1
759	1
760	3
760	3
760	1
760	0
760	1
760	0
760	1
760	1
760	1
760	0
760	1
760	1
760	1
760	1
760	3
760	1
760	0
760	0
760	1
760	0
760	1
761	1
761	1
761	1
761	1
761	1
761	1
761	1
761	1
761	1
761	1
761	1
761	4
761	1
761	1
762	1
762	1
762	1
762	1
762	1
762	1
762	1
762	1
762	1
762	1
762	1
762	1
762	1
762	1
762	1
762	1
762	1
763	1
763	1
763	1
763	1
763	1
763	1
763	10
763	1
764	1
764	1
764	1
764	1
764	1
764	1
764	1
764	1
764	1
764	17
764	1
765	1
765	1
765	1
765	1
765	1
765	1
765	1
765	1
765	1
765	1
765	1
765	1
765	1
765	1
765	1
765	1
765	1
765	1
765	1
765	1
765	1
765	1
765	1
765	1
765	1
765	1
765	1
765	1
765	4
765	1
765	1
765	1
765	1
765	1
765	1
765	1
765	1
765	1
765	1
765	1
765	1
765	1
765	1
765	1
765	1
765	1
765	1
765	1
765	1
765	1
765	1
765	1
765	1
765	1
765	1
765	1
765	1
765	1
765	1
765	1
765	1
765	1
765	1
765	1
765	1
765	1
765	1
765	1
765	1
765	1
765	1
765	1
765	1
765	1
765	1
765	1
765	1
765	1
765	1
765	1
765	1
765	1
765	1
765	1
765	1
765	1
765	1
765	1
765	1
765	1
765	1
765	1
765	1
765	1
765	1
765	1
765	1
765	1
765	1
765	1
765	1
765	1
765	1
765	1
765	1
765	1
765	1
765	1
765	1
765	1
765	1
765	1
765	1
765	1
765	1
765	1
765	1
765	1
765	1
765	1
765	1
765	0
765	1
765	1
765	1
765	1
765	1
765	1
765	1
765	1
765	1
765	1
765	1
765	1
765	1
765	1
765	1
765	1
765	1
765	1
765	1
765	1
765	1
765	1
765	1
765	1
765	1
765	1
765	1
765	1
765	1
765	1
765	1
765	1
765	1
765	1
765	1
765	1
765	1
765	1
765	3
765	1
765	1
765	1
765	1
765	1
765	1
765	1
765	1
765	1
765	1
765	1
765	1
765	1
765	1
765	1
765	1
765	1
765	1
765	1
765	1
765	1
765	1
765	1
765	1
765	1
765	1
765	1
765	1
765	1
765	1
765	1
765	1
765	1
765	1
765	1
765	1
765	1
765	1
766	1
766	1
766	1
766	1
766	1
766	1
766	1
766	1
766	1
766	1
766	1
766	1
766	1
766	1
766	1
766	1
766	1
766	1
766	1
766	1
766	1
766	1
766	1
766	1
766	1
766	1
766	1
766	1
766	1
766	1
766	1
766	1
766	1
766	0
766	1
766	1
766	1
766	1
766	1
766	1
766	1
766	1
766	1
766	1
767	1
767	1
767	1
767	1
767	1
767	1
767	1
767	1
767	1
767	1
767	1
767	1
767	1
767	1
767	1
767	1
767	1
767	1
767	1
767	1
767	1
767	1
767	1
767	1
767	1
767	1
767	1
767	1
767	1
767	1
767	1
767	1
767	1
767	1
767	1
767	1
767	1
767	1
767	1
767	1
767	1
767	1
767	1
767	1
767	1
767	1
767	1
767	1
767	1
767	1
767	1
767	1
767	1
767	1
767	1
767	1
767	1
767	1
767	1
767	1
767	1
767	1
767	1
767	1
767	1
767	1
767	1
767	1
767	1
767	1
767	1
767	17
767	1
767	1
767	1
767	1
767	1
767	1
767	1
767	1
767	1
767	1
767	1
767	1
767	1
767	1
767	1
767	1
767	1
767	1
767	1
767	1
767	1
767	1
767	1
767	1
767	1
767	1
767	1
767	1
767	1
767	1
767	1
768	1
768	1
768	1
769	0
769	0
769	0
769	1
769	1
769	2
769	19
769	0
769	21
769	1
769	0
769	1
769	1
769	0
769	2
769	1
769	1
769	0
769	0
769	0
769	0
769	3
769	1
769	0
769	1
769	1
769	1
769	0
769	1
769	3
769	0
769	1
769	1
769	1
769	0
769	0
769	0
769	0
769	0
769	0
769	2
769	2
769	1
769	1
769	1
769	10
769	1
769	0
769	1
769	0
769	0
769	1
769	2
769	1
769	0
769	1
769	0
769	0
769	21
769	1
769	13
769	0
769	0
769	0
769	1
769	3
769	0
769	0
769	1
769	0
769	1
769	0
769	0
769	0
769	0
769	4
769	0
769	4
769	1
769	1
769	0
769	0
769	3
769	0
769	1
769	1
769	10
769	14
769	0
769	0
769	1
769	3
769	1
769	1
769	13
769	0
769	13
769	0
769	2
769	0
769	0
769	30
769	1
770	1
770	0
770	13
770	1
770	1
770	0
770	0
770	1
770	1
770	1
770	1
770	0
771	13
771	0
771	0
771	1
772	1
773	1
773	1
774	1
774	1
774	1
774	1
774	1
774	1
774	1
774	4
774	1
774	1
774	1
774	1
774	1
774	1
774	0
774	0
774	1
774	1
774	1
774	1
774	48
774	1
774	1
774	1
774	1
774	0
774	1
774	1
774	1
774	1
774	1
774	1
774	0
774	1
774	1
774	1
774	1
774	3
774	1
774	1
774	1
774	1
774	1
774	1
775	0
776	1
776	1
776	1
776	1
776	1
776	1
776	1
776	1
776	1
776	1
776	1
776	1
776	1
776	1
776	1
776	1
776	1
776	1
776	1
776	1
776	1
776	1
776	1
776	1
776	1
776	1
776	1
776	1
776	1
776	1
776	1
776	1
776	1
776	1
776	1
776	1
776	1
777	13
777	1
777	0
777	1
778	1
778	1
778	1
778	1
778	1
778	1
779	4
779	1
779	1
779	1
779	4
779	1
779	1
779	1
779	0
779	1
779	1
779	1
779	0
779	1
779	1
779	0
779	1
779	0
779	0
779	1
779	1
779	1
779	0
779	1
779	1
779	0
779	3
779	1
779	1
779	0
779	1
779	1
779	1
779	1
779	1
779	1
779	0
779	1
779	1
779	0
779	0
779	1
779	1
779	1
779	1
779	1
779	0
779	1
779	1
779	1
779	0
779	1
779	1
779	1
779	1
779	1
779	0
779	1
779	1
779	0
779	1
779	6
779	1
779	1
779	1
779	0
779	1
779	1
779	1
779	1
779	1
779	1
780	0
780	1
780	1
780	1
780	13
780	1
781	1
782	1
782	1
782	1
782	1
782	1
782	1
782	1
782	0
782	1
782	1
782	1
782	1
782	1
782	1
783	1
784	1
784	1
784	1
784	1
784	1
784	1
784	1
784	1
784	1
784	1
784	1
784	1
784	1
784	1
784	1
784	1
784	1
784	1
784	1
784	1
784	1
784	1
784	1
784	1
784	1
784	1
784	1
784	1
784	1
784	1
784	1
784	1
784	1
784	1
784	1
784	1
784	1
784	1
784	1
784	1
784	1
784	1
784	1
784	1
784	1
784	1
784	1
784	1
784	1
784	1
784	1
784	1
784	1
784	1
784	1
784	1
784	1
784	1
784	1
784	1
784	1
784	1
784	1
784	1
784	1
784	1
784	1
784	1
784	1
784	1
784	1
784	1
784	1
784	1
784	1
784	1
784	1
784	1
784	1
784	1
784	1
784	1
784	1
784	1
784	1
784	1
784	1
784	1
784	1
784	1
784	1
784	1
784	1
784	1
784	1
784	1
784	1
784	1
784	1
784	1
784	1
784	1
784	1
784	1
784	1
784	1
784	1
784	1
784	1
784	1
784	1
784	1
784	1
784	1
784	1
784	1
784	1
784	1
784	1
784	1
784	1
784	1
784	1
784	1
784	1
784	1
784	1
784	1
784	1
784	1
784	1
784	1
784	1
784	1
784	1
784	1
784	1
784	1
784	1
784	1
784	1
784	1
784	1
784	1
784	1
784	1
784	1
784	1
784	1
784	1
784	1
784	1
784	1
784	1
784	1
784	1
784	1
784	1
784	1
784	1
784	1
784	1
784	1
784	1
784	1
784	1
784	1
784	1
784	1
784	1
784	1
784	1
784	1
784	1
784	1
784	1
784	1
784	1
784	1
784	1
784	1
784	1
784	1
784	1
784	1
784	1
784	1
784	1
784	1
784	1
784	1
784	1
784	1
784	1
784	1
784	1
784	1
784	1
784	1
784	1
784	1
784	1
784	1
784	1
784	1
784	1
784	1
784	1
784	1
784	1
784	1
784	1
784	1
784	1
784	1
784	1
784	1
784	1
784	1
784	1
784	1
784	1
784	1
784	1
784	1
784	1
784	1
784	1
784	1
784	1
784	1
784	1
784	1
784	1
784	1
785	1
785	1
785	1
786	1
786	1
787	1
787	1
787	1
787	4
787	1
788	1
788	1
788	1
788	3
788	1
788	1
788	1
788	1
789	1
790	1
790	1
790	1
790	1
790	1
790	1
790	1
790	1
790	1
790	1
790	0
790	1
790	1
790	1
790	1
790	1
790	1
790	1
790	1
790	1
790	1
790	1
790	1
790	36
790	1
790	0
790	1
790	1
790	1
790	1
790	1
790	1
790	1
790	1
791	1
791	1
791	0
791	1
791	47
791	1
791	1
791	1
791	1
791	1
791	1
791	1
791	1
791	1
791	1
791	3
791	1
791	1
791	1
791	1
791	0
791	1
791	1
791	1
791	1
792	0
792	0
793	4
794	4
795	1
796	1
796	4
797	0
797	4
798	1
798	1
798	1
798	1
798	1
798	1
798	1
798	1
798	11
798	0
798	1
799	2
799	2
799	42
799	2
799	21
799	0
799	49
799	0
799	42
799	2
799	42
799	49
799	47
799	42
799	49
799	42
799	42
799	2
799	42
799	42
799	42
799	42
799	2
799	2
799	42
799	2
799	2
799	12
799	2
799	42
799	42
799	42
799	42
799	2
799	42
799	12
799	42
799	42
799	29
799	42
799	2
799	42
800	1
800	1
801	1
802	4
803	18
803	2
803	2
803	21
803	4
803	2
803	2
803	2
803	18
803	2
803	2
803	2
803	2
803	2
804	21
804	50
804	42
804	42
804	42
804	2
804	2
804	0
804	50
804	50
804	42
804	41
804	0
804	50
804	2
804	2
804	42
804	50
804	50
805	3
805	1
806	0
807	1
807	1
807	1
808	1
809	1
809	1
809	1
810	0
810	2
810	0
811	0
812	1
813	10
813	2
813	2
814	1
814	1
814	1
814	1
814	1
814	1
814	1
814	1
814	1
814	1
814	1
814	1
814	1
814	1
814	1
815	0
816	0
816	0
816	0
816	0
816	0
816	0
817	0
817	0
817	0
817	44
817	0
818	0
819	1
820	1
820	3
821	0
821	1
821	1
822	1
822	1
822	2
822	2
823	0
824	1
825	0
825	0
825	1
825	0
825	1
825	0
825	0
825	0
825	1
825	1
825	0
825	0
825	0
825	0
825	0
825	0
825	0
825	1
825	0
825	0
825	0
825	0
825	1
825	0
825	0
825	0
825	0
825	1
825	0
825	44
825	0
825	0
826	1
826	1
827	1
828	1
829	0
829	0
830	1
830	1
831	0
832	47
832	1
833	0
834	0
835	1
836	1
836	3
836	1
836	1
836	1
836	1
836	1
837	1
837	3
837	1
837	13
837	1
837	1
837	1
837	1
838	1
838	1
838	1
838	1
838	1
838	3
838	1
839	42
839	0
839	42
839	42
839	42
839	42
840	0
841	42
841	42
841	42
841	42
841	42
841	42
841	42
841	42
841	42
841	42
841	51
841	51
841	42
841	51
841	2
841	42
841	41
841	51
841	42
841	42
841	42
841	42
841	2
841	42
841	42
841	42
841	42
841	42
841	21
841	42
841	42
841	2
841	42
841	2
841	42
841	42
841	42
841	42
841	42
841	42
841	42
841	42
841	42
841	42
841	42
841	51
841	42
841	42
841	42
841	0
841	42
841	42
841	21
841	42
841	42
841	42
841	42
841	51
841	51
841	42
841	51
841	42
841	51
841	42
841	42
841	51
841	42
841	42
841	42
841	42
841	2
841	42
841	41
841	12
841	42
841	42
841	12
841	42
841	42
841	42
841	42
841	42
842	3
843	0
843	14
844	3
844	9
845	0
845	0
845	0
845	0
846	1
846	1
847	0
848	1
849	4
849	6
849	1
849	21
849	3
849	1
850	4
851	4
851	4
852	4
852	4
853	0
853	1
854	0
854	0
854	0
854	11
854	0
854	0
854	1
854	0
855	1
855	44
856	1
856	4
857	1
857	1
857	1
857	1
857	1
857	1
857	0
857	1
857	1
858	0
859	1
859	1
860	11
861	0
861	0
862	1
863	27
863	0
864	0
864	0
865	1
865	1
865	0
866	0
867	1
868	3
868	0
869	0
869	0
870	0
871	0
872	0
872	4
873	4
874	23
874	15
874	15
874	15
874	15
874	1
874	15
874	15
874	15
874	15
874	15
874	23
874	23
874	15
874	15
874	15
874	0
874	15
874	23
874	10
874	0
874	0
874	0
874	15
874	15
874	10
874	0
874	15
874	23
874	0
874	10
874	10
874	0
874	0
874	0
874	0
874	23
874	0
874	0
874	0
875	2
875	21
875	4
875	2
875	1
875	2
875	10
875	4
875	1
875	4
875	21
875	2
875	4
875	1
875	4
875	2
875	21
875	2
875	21
875	4
875	1
875	7
875	21
875	2
875	4
875	4
876	2
876	10
876	1
876	2
876	4
876	2
876	2
876	2
876	21
876	2
876	2
876	2
876	2
877	4
877	1
878	0
878	0
878	0
878	0
878	0
878	0
878	0
878	0
878	0
878	0
878	0
878	3
878	0
878	0
878	0
878	0
878	0
879	1
879	1
880	1
881	1
881	1
881	1
882	4
883	1
883	1
883	0
884	0
885	3
886	0
886	0
886	0
886	1
887	2
887	10
887	2
887	0
887	10
887	0
887	0
887	0
887	0
887	10
887	10
888	10
888	10
888	10
888	10
889	1
890	10
891	2
891	0
891	4
891	21
892	15
893	3
894	1
895	33
896	0
896	0
896	22
896	0
896	0
896	0
896	0
896	30
896	0
896	0
896	0
896	0
896	0
896	10
896	0
896	0
896	10
896	0
896	10
896	0
896	0
896	0
896	0
896	0
896	0
896	0
896	0
896	10
896	0
896	10
896	0
897	0
897	10
897	10
897	10
897	10
897	0
897	3
897	0
897	0
897	10
897	10
897	10
897	0
897	10
897	0
897	0
897	10
897	10
897	10
897	2
897	10
897	10
897	23
897	10
897	0
897	23
897	10
897	10
897	0
897	25
897	3
897	0
897	3
897	10
897	10
897	10
897	10
897	3
897	0
897	10
897	0
897	22
897	0
897	22
897	0
897	22
897	0
897	21
897	10
897	0
897	0
897	22
897	4
897	23
897	10
897	22
897	0
897	0
897	0
897	10
897	10
897	10
897	23
897	22
897	0
897	3
897	10
897	10
897	10
898	1
898	1
898	1
898	1
899	6
899	0
899	0
900	0
901	1
901	1
901	1
901	0
901	1
901	1
901	1
901	0
901	1
901	0
901	0
902	0
902	0
902	0
902	1
902	1
902	1
902	0
902	0
902	0
902	1
902	0
902	0
902	0
902	0
902	0
902	1
902	0
902	1
902	0
902	1
902	0
902	1
902	0
902	1
902	0
902	1
902	0
902	3
902	0
902	0
902	0
902	0
902	1
902	0
902	1
902	0
902	0
902	1
902	1
902	0
902	0
902	0
902	1
902	0
902	1
902	0
902	1
902	0
902	1
902	0
902	0
903	1
903	0
903	1
903	1
904	1
904	0
905	0
906	1
907	1
907	1
907	1
907	1
907	1
907	1
907	0
907	1
907	1
907	1
907	1
907	1
907	1
907	1
907	1
907	1
907	1
907	1
907	1
907	1
907	1
907	1
907	1
907	1
907	1
907	1
908	1
909	1
910	0
911	1
911	1
911	0
911	1
911	0
912	1
912	1
912	1
912	0
912	1
912	1
912	1
912	0
912	1
912	1
912	1
913	0
914	1
915	42
916	4
917	3
918	2
918	2
918	2
918	2
918	2
918	2
919	0
920	1
920	1
920	1
921	0
921	0
921	0
922	3
922	1
922	1
922	21
922	0
922	1
922	0
922	1
922	1
922	4
922	0
922	4
922	3
922	1
922	0
922	7
922	0
922	7
922	21
922	1
922	4
922	1
923	0
924	1
924	1
924	3
925	2
926	1
926	2
926	2
926	2
927	1
928	1
929	7
929	7
929	7
929	7
930	0
931	0
931	0
931	3
931	0
932	0
933	0
933	0
933	0
933	0
933	0
933	0
933	0
933	0
933	0
933	0
933	0
934	0
935	0
935	1
936	0
936	3
936	3
937	0
937	1
938	1
939	1
939	1
939	1
940	0
940	0
940	0
941	0
941	0
942	1
942	1
943	1
943	14
943	0
943	0
943	1
943	0
944	1
945	1
946	3
947	0
947	0
948	1
949	0
950	0
950	0
950	0
950	3
950	0
950	0
950	2
950	0
950	4
950	0
950	0
951	0
951	0
951	1
951	1
951	0
951	1
951	0
951	1
951	0
951	0
951	0
951	0
951	0
951	1
951	0
952	16
952	0
952	0
952	0
952	16
952	1
952	0
952	0
952	0
952	1
952	0
952	4
952	12
953	0
953	0
953	0
953	0
953	0
953	0
953	0
953	0
953	0
953	0
953	33
953	0
953	0
953	0
953	0
953	0
953	0
953	0
953	6
953	0
953	0
953	0
953	33
953	0
953	33
954	1
954	1
954	4
954	33
955	1
955	12
956	3
956	3
956	0
956	1
956	0
956	1
956	3
956	1
956	0
956	1
956	1
956	0
956	3
956	1
956	1
956	13
956	1
956	0
956	0
956	0
956	1
956	1
956	0
956	1
956	1
956	1
956	1
956	0
956	1
956	1
956	1
956	1
956	3
956	0
956	0
956	27
956	1
956	0
956	0
956	1
956	0
956	1
956	1
956	12
956	0
956	0
956	3
956	0
956	1
956	0
956	1
956	0
956	1
956	3
956	3
956	1
956	4
956	0
956	0
956	0
956	1
956	1
956	1
956	0
956	1
957	1
957	1
958	0
958	1
958	1
958	1
958	1
958	1
959	0
960	0
960	4
961	1
962	1
962	1
963	1
963	11
963	1
963	0
963	0
963	0
963	1
963	0
963	8
963	0
964	0
965	1
966	2
967	0
968	0
968	1
969	4
970	2
970	2
971	1
971	4
971	1
971	1
971	0
972	1
972	1
972	3
972	1
972	1
972	0
972	1
972	0
972	1
972	0
972	1
972	0
972	0
972	1
972	1
972	21
972	1
972	1
973	0
973	0
973	4
973	14
973	0
973	0
973	1
973	52
973	0
973	0
973	4
973	0
973	0
973	0
973	3
973	0
973	4
973	4
973	1
973	4
973	0
973	33
973	0
973	1
973	1
973	0
973	4
973	0
973	0
973	3
973	1
973	0
973	3
973	0
973	0
973	6
973	0
973	0
973	3
973	0
973	0
973	0
973	0
973	0
973	0
974	0
975	21
976	21
976	2
976	2
977	10
977	0
978	0
978	0
978	0
978	0
979	8
979	1
979	1
980	1
980	1
980	1
981	1
981	1
981	1
981	1
981	1
981	1
981	1
981	1
981	1
981	1
981	1
981	1
981	1
981	1
982	1
982	1
982	1
983	1
983	1
984	1
984	1
985	19
985	19
986	33
987	1
987	2
987	1
988	0
989	0
989	0
990	8
991	1
992	53
993	1
993	1
993	1
993	1
993	1
993	1
993	1
993	1
993	1
993	1
993	0
993	1
993	1
993	2
994	1
995	1
996	0
997	54
997	54
997	54
997	2
997	54
997	46
997	1
997	1
997	2
997	1
998	1
999	0
999	1
999	1
999	1
999	10
999	1
999	1
999	3
999	1
999	0
999	1
999	1
1000	1
1000	0
1000	1
1000	1
1000	1
1000	0
1000	1
1000	1
1000	1
1000	3
1000	0
1000	1
1000	1
1000	1
1000	2
1001	1
1002	0
1002	0
1002	0
1003	0
1003	0
1003	0
1003	0
1004	1
1004	1
1004	0
1004	1
1004	13
1005	10
1006	49
1007	1
1007	0
1007	1
1007	0
1008	1
1009	1
1009	1
1009	11
1009	0
1009	14
1009	1
1009	1
1009	1
1009	1
1009	1
1009	1
1009	1
1009	1
1009	1
1009	1
1009	1
1009	1
1009	1
1009	1
1009	1
1009	0
1009	1
1010	1
1010	0
1010	1
1010	1
1010	1
1010	1
1010	1
1010	1
1010	1
1010	1
1010	1
1010	1
1010	1
1010	1
1010	3
1010	1
1010	28
1010	1
1010	1
1010	0
1010	1
1010	1
1010	0
1010	1
1010	1
1010	1
1010	0
1010	1
1010	1
1010	1
1010	0
1010	1
1010	1
1010	1
1010	1
1011	0
1011	2
1011	0
1011	5
1011	0
1011	5
1011	5
1011	0
1011	0
1011	0
1011	0
1011	1
1011	0
1011	5
1011	5
1011	0
1011	2
1011	0
1011	0
1011	21
1011	0
1011	1
1011	0
1011	3
1011	0
1011	0
1011	0
1011	0
1011	0
1011	0
1011	5
1011	1
1011	1
1011	0
1011	0
1011	16
1011	0
1011	1
1011	0
1011	4
1011	4
1011	0
1011	0
1011	0
1011	1
1011	3
1011	0
1011	0
1011	1
1011	1
1011	0
1011	0
1011	0
1011	4
1011	3
1011	4
1011	0
1011	5
1011	16
1011	27
1011	5
1011	0
1011	0
1011	0
1011	0
1011	0
1011	0
1011	0
1011	1
1011	0
1011	0
1011	1
1011	0
1011	5
1011	0
1011	4
1011	0
1011	1
1011	11
1011	0
1011	11
1011	0
1011	5
1011	0
1011	0
1011	0
1011	0
1011	2
1011	0
1011	3
1011	0
1011	4
1011	36
1011	0
1011	1
1011	0
1011	7
1011	0
1011	0
1011	27
1011	0
1011	0
1011	3
1011	27
1011	1
1011	4
1011	0
1011	0
1012	1
1013	3
1013	14
1013	3
1013	14
1013	1
1013	2
1013	0
1013	1
1013	0
1013	1
1014	0
1014	3
1015	1
1015	1
1016	4
1017	1
1017	3
1017	0
1017	0
1017	0
1017	0
1017	0
1017	0
1017	1
1017	0
1017	0
1017	0
1018	0
1018	4
1018	19
1018	0
1018	0
1018	0
1018	0
1018	0
1018	0
1019	0
1020	0
1020	0
1021	3
1022	0
1023	14
1024	33
1025	0
1026	3
1026	1
1026	1
1026	3
1027	1
1027	1
1027	1
1028	1
1028	1
1028	1
1029	0
1030	0
1031	1
1032	1
1033	1
1033	3
1034	0
1034	1
1035	0
1036	0
1036	0
1036	0
1036	0
1036	0
1036	2
1036	0
1036	0
1036	0
1036	0
1036	0
1036	3
1036	0
1037	0
1038	0
1038	0
1039	0
1039	0
1040	0
1040	1
1041	1
1042	0
1043	1
1043	1
1043	1
1043	1
1043	1
1043	1
1044	10
1045	1
1045	1
1045	0
1046	1
1047	1
1048	2
1048	1
1048	1
1048	1
1049	3
1049	0
1050	0
1051	1
1051	0
1052	4
1053	7
1054	1
1055	7
1056	1
1056	0
1056	0
1056	2
1056	0
1056	0
1056	0
1056	1
1056	4
1056	1
1056	0
1056	0
1056	0
1056	0
1056	0
1056	0
1056	0
1056	0
1056	1
1056	0
1056	1
1056	0
1056	0
1056	0
1056	1
1056	1
1056	0
1056	0
1056	0
1056	1
1056	0
1056	0
1056	0
1056	0
1056	0
1056	1
1056	0
1056	10
1056	0
1056	0
1056	0
1056	0
1056	3
1056	0
1056	0
1056	1
1056	0
1056	0
1056	0
1056	0
1056	3
1056	0
1056	1
1056	0
1056	1
1056	0
1056	0
1056	0
1056	0
1056	0
1056	1
1056	0
1056	0
1056	0
1056	0
1056	0
1056	1
1056	1
1056	0
1056	0
1056	0
1056	1
1056	0
1056	36
1056	0
1056	4
1056	0
1056	0
1056	0
1056	0
1056	10
1056	3
1056	0
1056	4
1056	3
1056	1
1056	1
1056	0
1056	0
1056	1
1056	0
1056	2
1056	3
1056	0
1056	0
1056	0
1056	0
1056	0
1056	0
1056	0
1056	0
1056	0
1056	1
1056	0
1056	0
1056	0
1056	0
1056	0
1056	3
1056	0
1056	0
1057	1
1057	0
1057	1
1057	0
1057	10
1058	2
1059	0
1059	0
1059	0
1059	48
1059	0
1059	4
1060	3
1061	37
1062	55
1062	55
1062	55
1063	2
1063	2
1063	2
1064	1
1064	1
1065	1
1065	0
1066	2
1067	1
1067	1
1067	1
1067	1
1068	0
1068	36
1069	1
1069	1
1070	0
1070	0
1071	0
1072	0
1073	18
1074	1
1074	1
1074	1
1074	1
1074	1
1074	1
1074	1
1074	1
1075	1
1075	1
1076	1
1076	1
1076	1
1076	1
1076	3
1076	1
1076	3
1076	1
1076	1
1076	1
1076	1
1076	1
1076	3
1076	1
1076	1
1076	1
1076	1
1077	1
1078	0
1078	1
1078	11
1079	1
1079	1
1080	1
1081	1
1082	0
1082	0
1082	0
1082	2
1082	0
1082	0
1082	2
1082	2
1082	0
1082	1
1082	2
1082	0
1083	1
1083	1
1083	1
1083	1
1083	1
1083	0
1083	1
1083	1
1083	1
1083	1
1083	1
1084	0
1084	0
1084	1
1085	2
1086	4
1087	1
1088	2
1089	1
1089	1
1090	0
1090	0
1090	4
1090	0
1091	2
1092	0
1092	0
1092	0
1092	0
1092	0
1092	0
1093	1
1093	1
1093	1
1093	1
1093	1
1093	1
1093	1
1093	1
1093	1
1094	1
1094	0
1095	0
1096	1
1096	3
1097	1
1097	3
1098	3
1099	0
1100	0
1100	1
1100	1
1100	0
1100	2
1100	3
1100	1
1100	1
1100	1
1100	1
1100	1
1101	1
1101	1
1101	3
1101	1
1101	1
1101	0
1101	2
1101	0
1101	1
1101	1
1101	1
1102	1
1102	1
1102	3
1102	0
1102	1
1102	1
1102	0
1102	1
1102	1
1102	2
1102	1
1103	3
1103	1
1103	1
1103	2
1103	1
1103	1
1103	1
1103	1
1103	0
1103	1
1103	0
1103	0
1104	1
1104	1
1104	1
1104	2
1104	2
1105	2
1106	11
1106	0
1107	2
1108	4
1108	2
1108	0
1108	0
1108	0
1108	0
1108	0
1108	0
1108	0
1108	0
1108	2
1108	1
1108	0
1108	0
1108	0
1108	0
1108	0
1108	0
1109	0
1109	1
1109	0
1109	1
1109	4
1109	0
1109	1
1109	0
1109	0
1109	0
1109	0
1109	0
1109	0
1109	0
1109	0
1109	0
1109	1
1109	0
1110	1
1110	3
1110	0
1110	1
1110	3
1110	0
1110	1
1110	1
1111	0
1111	0
1111	0
1111	0
1111	0
1111	0
1111	0
1111	0
1111	0
1111	0
1111	3
1111	3
1111	0
1111	3
1111	0
1111	3
1111	0
1111	0
1111	0
1111	0
1111	0
1111	0
1111	0
1111	0
1111	3
1111	0
1111	0
1111	0
1111	0
1111	3
1111	0
1111	0
1111	0
1111	3
1111	0
1111	0
1111	0
1111	0
1111	3
1111	0
1111	13
1111	13
1111	0
1111	0
1111	0
1111	0
1111	0
1111	0
1111	0
1111	0
1111	13
1111	0
1111	0
1111	0
1111	0
1111	0
1111	13
1111	3
1111	0
1111	27
1112	0
1112	1
1112	0
1112	0
1112	0
1112	1
1112	3
1112	13
1112	0
1112	13
1112	7
1112	0
1112	1
1112	3
1112	1
1112	13
1112	1
1112	1
1112	0
1112	48
1112	0
1112	3
1112	38
1113	0
1113	0
1113	1
1113	1
1113	0
1113	1
1114	0
1115	13
1116	0
1116	0
1116	0
1116	0
1116	1
1116	0
1116	1
1116	3
1116	0
1116	0
1116	0
1116	0
1116	1
1116	3
1116	0
1116	4
1116	1
1116	0
1116	0
1116	0
1117	1
1117	1
1118	0
1118	1
1119	2
1120	0
1120	0
1120	0
1120	0
1120	28
1121	6
1122	3
1123	1
1124	1
1125	0
1126	0
1127	1
1128	14
1129	0
1129	0
1129	2
1129	14
1129	0
1129	10
1129	0
1129	0
1129	10
1129	0
1129	10
1129	0
1129	0
1129	0
1129	0
1129	0
1129	0
1129	1
1129	0
1129	21
1129	0
1129	0
1130	0
1131	1
1132	3
1133	1
1133	2
1133	1
1133	2
1133	10
1133	2
1133	1
1133	0
1133	10
1133	10
1133	0
1134	2
1134	2
1134	2
1135	0
1135	2
1135	2
1135	10
1135	10
1135	2
1135	3
1135	0
1135	0
1135	10
1135	10
1135	0
1135	10
1135	1
1135	0
1135	1
1135	0
1135	1
1135	18
1135	0
1135	10
1135	0
1135	2
1135	2
1135	2
1135	1
1135	2
1136	1
1137	1
1137	1
1138	0
1139	2
1140	2
1141	1
1142	1
1143	1
1144	2
1145	1
1146	0
1146	0
1146	0
1147	19
1147	0
1147	0
1147	0
1147	0
1147	0
1147	3
1147	0
1147	1
1147	7
1147	28
1147	0
1148	2
1149	2
1150	0
1150	0
1151	3
1151	3
1151	3
1151	3
1152	2
1153	1
1154	1
1154	2
1154	1
1154	3
1155	1
1155	1
1155	1
1155	1
1155	1
1155	33
1155	0
1155	1
1155	1
1155	1
1155	1
1155	1
1156	0
1156	1
1156	1
1156	0
1156	2
1156	1
1157	1
1157	1
1157	1
1157	2
1157	1
1157	0
1157	0
1158	1
1159	1
1160	0
1161	0
1161	1
1161	3
1162	1
1163	11
1164	1
1165	3
1166	1
1167	0
1167	38
1168	14
1169	4
1170	2
1170	3
1171	2
1172	0
1172	0
1172	0
1172	0
1172	0
1172	0
1172	0
1172	0
1172	0
1172	0
1172	0
1172	0
1172	0
1172	0
1173	0
1174	1
1174	1
1175	1
1176	1
1177	40
1178	1
1179	15
1179	1
1180	1
1181	1
1181	0
1181	0
1181	0
1181	1
1181	0
1181	1
1182	1
1182	1
1182	3
1182	1
1182	1
1182	1
1182	1
1182	1
1182	1
1182	1
1182	1
1182	1
1182	1
1182	1
1183	1
1183	1
1183	1
1183	1
1183	1
1183	1
1184	3
1184	1
1185	1
1185	1
1185	0
1185	1
1186	1
1186	1
1186	1
1186	11
1186	1
1187	1
1187	0
1187	1
1187	1
1188	1
1189	0
1189	3
1189	0
1189	0
1189	3
1190	0
1190	4
1190	11
1190	1
1190	1
1190	0
1190	1
1190	1
1190	1
1190	1
1191	1
1191	0
1191	0
1191	1
1191	1
1191	3
1191	1
1191	1
1191	0
1191	1
1191	1
1191	0
1191	1
1191	0
1191	1
1191	1
1191	1
1191	1
1191	1
1191	1
1191	1
1191	0
1191	0
1191	1
1191	1
1191	1
1191	1
1191	14
1191	11
1191	1
1191	0
1191	0
1191	1
1191	1
1191	1
1191	0
1191	1
1191	1
1191	0
1191	1
1192	4
1193	0
1194	2
1194	2
1195	1
1196	1
1196	1
1197	1
1197	1
1198	1
1198	1
1198	6
1199	0
1200	0
1201	1
1202	1
1203	2
1203	12
1204	2
1204	0
1205	0
1205	0
1206	0
1207	1
1208	1
1209	1
1210	1
1211	3
1211	2
1212	1
1213	0
1214	1
1215	1
1215	2
1216	1
1217	0
1218	2
1219	1
1219	1
1220	1
1221	21
1221	2
1221	2
1222	1
1223	1
1224	21
1224	21
1224	2
1224	2
1224	2
1224	2
1224	2
1224	2
1224	2
1224	2
1225	0
1225	0
1226	1
1226	4
1226	11
1226	1
1226	2
1227	0
1227	0
1227	0
1227	0
1227	0
1227	3
1227	0
1227	0
1227	0
1227	19
1227	0
1227	0
1227	0
1227	0
1227	0
1227	0
1227	0
1227	0
1227	0
1227	11
1227	19
1227	2
1227	0
1227	0
1227	0
1227	11
1227	0
1227	0
1227	11
1227	0
1227	0
1227	0
1227	0
1227	0
1227	11
1227	0
1227	0
1227	11
1227	0
1227	8
1227	0
1227	0
1227	0
1228	0
1229	3
1229	3
1230	1
1231	1
1231	1
1232	0
1233	4
1234	0
1235	1
1235	1
1235	1
1236	1
1236	1
1236	17
1236	1
1236	1
1236	1
1236	1
1236	1
1236	1
1236	1
1236	1
1236	1
1236	1
1236	1
1236	1
1236	1
1236	1
1236	1
1236	1
1236	1
1236	1
1236	1
1237	1
1237	2
1238	1
1238	1
1238	1
1238	1
1238	1
1238	1
1239	3
1239	3
1239	0
1239	1
1239	3
1239	0
1240	1
1240	1
1241	1
1242	2
1242	0
1243	1
1244	10
1244	10
1245	1
1245	2
1246	0
1247	1
1247	0
1247	27
1248	0
1248	0
1248	0
1249	27
1250	13
1251	4
1251	27
1252	1
1252	1
1252	1
1253	1
1253	1
1253	0
1253	0
1253	2
1254	14
1255	1
1255	27
1256	0
1256	0
1256	0
1256	4
1256	27
1256	0
1256	0
1256	0
1256	1
1257	0
1258	27
1259	0
1260	0
1260	1
1260	0
1261	1
1261	1
1261	1
1261	1
1261	1
1262	1
1262	1
1262	1
1262	1
1263	1
1263	2
1263	10
1263	1
1263	2
1263	10
1264	1
1265	0
1266	11
1267	1
1267	1
1267	1
1268	0
1268	0
1268	1
1268	0
1268	1
1268	0
1268	1
1268	0
1268	0
1268	0
1268	0
1268	1
1268	0
1268	0
1268	0
1268	1
1268	13
1268	13
1268	30
1268	1
1268	13
1268	0
1268	0
1268	1
1268	0
1268	0
1268	1
1268	21
1268	3
1268	1
1268	0
1268	1
1268	1
1269	3
1269	1
1269	1
1270	1
1270	1
1271	2
1272	3
1272	1
1272	1
1272	1
1272	1
1272	1
1272	47
1272	1
1272	1
1272	1
1272	0
1272	1
1272	1
1272	1
1272	1
1272	1
1272	1
1272	1
1272	1
1272	3
1272	1
1272	1
1272	1
1272	1
1272	1
1272	1
1272	0
1272	1
1272	1
1272	1
1272	0
1272	1
1272	1
1272	1
1272	1
1272	1
1272	1
1272	1
1272	1
1272	1
1272	1
1272	1
1273	1
1273	1
1273	13
1274	1
1275	1
1275	1
1275	0
1275	1
1275	1
1275	1
1275	1
1275	1
1275	0
1275	1
1275	1
1275	1
1275	1
1275	1
1275	1
1275	1
1275	1
1275	1
1275	1
1275	1
1275	1
1275	0
1275	1
1275	1
1275	1
1275	1
1275	1
1275	1
1275	1
1275	0
1275	1
1275	1
1276	1
1276	1
1276	1
1276	1
1276	1
1277	1
1277	1
1278	1
1278	1
1278	1
1278	1
1278	1
1278	1
1278	1
1278	1
1278	1
1278	1
1278	1
1278	1
1279	1
1279	1
1279	1
1279	1
1279	1
1279	1
1280	1
1281	1
1281	1
1281	1
1281	1
1282	1
1283	1
1283	1
1283	1
1283	1
1283	1
1284	1
1284	1
1284	1
1284	1
1285	0
1286	1
1287	1
1288	1
1289	1
1289	3
1289	1
1289	0
1289	1
1290	0
1291	0
1291	1
1292	3
1292	0
1292	1
1292	0
1292	0
1292	0
1292	0
1292	0
1292	0
1292	0
1292	0
1292	0
1292	4
1292	8
1292	0
1292	0
1292	0
1292	0
1292	0
1292	0
1292	1
1293	1
1294	0
1294	0
1294	2
1294	0
1294	0
1294	1
1294	1
1295	0
1295	0
1295	1
1296	0
1296	14
1296	3
1296	1
1296	0
1296	0
1296	0
1296	10
1296	0
1296	0
1296	1
1296	1
1296	0
1296	0
1296	0
1297	0
1298	0
1299	0
1300	2
1301	1
1302	1
1302	1
1303	1
1303	1
1304	1
1304	1
1304	1
1304	1
1304	1
1304	1
1304	1
1304	3
1304	1
1305	40
1306	3
1306	2
1307	2
1308	0
1308	21
1309	0
1309	3
1310	0
1311	6
1312	3
1313	4
1314	42
1314	2
1314	2
1315	2
1316	2
1316	2
1316	2
1316	2
1316	2
1316	2
1316	2
1316	2
1317	1
1317	6
1318	2
1319	2
1320	0
1321	3
1322	21
1322	0
1322	0
1322	14
1322	14
1322	14
1322	14
1322	14
1322	0
1322	14
1322	0
1322	14
1322	1
1322	14
1322	9
1322	14
1322	14
1322	14
1322	14
1322	14
1323	1
1324	3
1325	11
1326	11
1327	22
1327	22
1328	1
1329	2
1329	1
1330	1
1331	3
1332	1
1333	1
1334	1
1334	1
1334	1
1334	1
1334	1
1335	1
1335	0
1336	1
1336	0
1336	0
1337	1
1337	1
1338	1
1338	1
1339	1
1340	1
1340	1
1341	14
1342	1
1342	1
1343	0
1343	1
1344	1
1344	1
1344	1
1344	3
1344	3
1344	3
1344	3
1344	14
1344	0
1344	1
1344	1
1344	0
1345	0
1345	0
1345	0
1345	1
1345	13
1345	1
1345	0
1345	21
1345	1
1346	1
1346	0
1346	0
1347	1
1348	1
1348	3
1348	0
1348	3
1349	0
1350	0
1351	1
1351	0
1351	1
1351	0
1351	0
1351	11
1351	1
1351	1
1352	1
1352	1
1353	6
1354	0
1354	0
1355	1
1356	4
1357	1
1357	1
1358	1
1359	1
1359	1
1359	1
1359	1
1359	1
1359	1
1360	1
1360	1
1361	1
1361	1
1361	0
1361	1
1361	4
1361	1
1361	2
1361	1
1361	0
1361	13
1361	1
1361	1
1362	1
1362	1
1362	1
1362	1
1362	1
1362	1
1362	1
1362	1
1362	1
1363	1
1363	1
1364	1
1365	1
1365	1
1365	1
1365	1
1365	1
1365	1
1365	1
1365	1
1365	1
1365	1
1365	1
1365	1
1365	1
1365	1
1365	1
1365	1
1365	1
1365	1
1365	1
1365	1
1365	1
1365	1
1365	1
1365	1
1365	1
1365	1
1365	1
1365	1
1365	1
1365	1
1365	1
1365	1
1365	1
1365	1
1365	1
1365	1
1365	1
1365	1
1365	1
1365	1
1365	1
1365	1
1366	1
1366	1
1367	3
1368	0
1369	2
1370	0
1371	1
1372	2
1372	42
1372	42
1372	42
1372	2
1372	2
1372	42
1372	42
1372	2
1372	42
1372	42
1372	3
1372	42
1372	42
1372	42
1372	42
1372	2
1372	42
1372	51
1372	2
1372	42
1372	42
1372	42
1372	2
1372	42
1372	3
1372	42
1372	42
1372	47
1372	41
1372	42
1372	42
1372	42
1372	42
1372	42
1372	42
1372	42
1372	42
1373	3
1374	2
1374	1
1374	4
1374	1
1375	1
1375	1
1375	1
1375	1
1375	1
1375	1
1375	1
1375	2
1375	1
1375	1
1376	1
1376	1
1377	4
1377	4
1377	1
1377	4
1378	0
1378	36
1379	1
1379	1
1379	1
1380	4
1381	0
1382	1
1382	1
1383	4
1384	1
1384	4
1385	1
1386	2
1386	3
1387	0
1388	1
1389	0
1390	3
1390	1
1390	1
1390	1
1390	1
1390	1
1390	3
1390	1
1390	3
1390	1
1390	0
1391	3
1391	1
1392	0
1393	40
1393	2
1393	40
1393	40
1393	40
1393	40
1393	40
1393	40
1393	40
1393	40
1393	1
1393	40
1393	40
1393	40
1393	56
1393	2
1393	40
1393	40
1393	21
1393	40
1393	56
1393	40
1393	56
1393	40
1393	37
1393	40
1393	2
1393	56
1393	40
1393	40
1393	40
1393	40
1393	40
1393	40
1393	40
1393	0
1393	40
1393	40
1393	40
1393	40
1393	40
1393	41
1393	40
1393	2
1393	40
1393	40
1393	40
1393	40
1393	40
1393	42
1393	40
1393	40
1393	40
1393	40
1393	40
1393	40
1393	2
1393	40
1393	40
1393	2
1393	40
1393	40
1393	40
1393	40
1393	40
1393	40
1393	40
1393	2
1393	40
1393	40
1393	2
1393	40
1393	40
1393	40
1393	40
1393	45
1393	40
1393	40
1393	40
1393	40
1393	40
1393	40
1393	40
1393	40
1394	37
1394	37
1394	37
1394	37
1394	37
1394	37
1394	37
1394	37
1394	37
1394	37
1394	37
1394	37
1394	37
1394	37
1394	37
1394	37
1394	37
1394	37
1394	2
1394	37
1394	37
1394	37
1394	37
1394	37
1394	37
1394	37
1394	37
1394	37
1394	37
1394	37
1394	37
1394	37
1394	37
1394	37
1394	37
1394	37
1394	37
1394	37
1394	37
1394	37
1394	37
1394	37
1394	37
1394	37
1395	40
1395	40
1395	40
1395	40
1395	40
1395	2
1395	40
1396	2
1396	21
1396	10
1396	2
1396	2
1396	21
1396	21
1396	21
1396	2
1396	2
1396	2
1396	21
1396	10
1396	2
1397	6
1398	1
1398	1
1398	1
1399	1
1400	1
1401	0
1402	4
1403	0
1404	4
1405	0
1405	0
1405	0
1405	0
1406	45
1407	1
1408	0
1409	1
1410	0
1410	4
1410	3
1410	0
1411	1
1412	1
1412	1
1412	1
1412	1
1412	1
1412	1
1412	1
1412	1
1412	1
1412	0
1412	1
1412	1
1412	21
1412	1
1412	1
1412	0
1412	1
1412	1
1412	1
1412	1
1412	1
1412	1
1412	0
1412	0
1412	1
1412	0
1412	1
1412	1
1412	1
1412	1
1412	0
1412	1
1412	1
1412	1
1412	1
1412	3
1412	0
1412	0
1412	1
1412	1
1412	1
1412	0
1412	1
1412	1
1412	1
1412	1
1412	1
1412	0
1412	3
1412	1
1412	1
1412	1
1412	4
1412	1
1412	1
1412	1
1412	1
1412	1
1412	1
1412	1
1412	1
1412	41
1412	1
1412	1
1412	1
1413	1
1413	1
1413	1
1413	1
1413	1
1413	0
1413	1
1413	1
1414	7
1414	4
1415	1
1416	1
1416	0
1417	1
1417	1
1417	3
1417	0
1418	1
1419	6
1420	2
1420	1
1421	0
1421	0
1421	0
1421	0
1421	0
1421	0
1421	0
1421	0
1421	6
1421	1
1421	0
1421	0
1421	0
1421	4
1421	0
1421	0
1422	0
1422	0
1422	0
1422	0
1422	0
1422	0
1422	2
1422	0
1422	1
1423	0
1423	0
1424	0
1424	0
1424	0
1424	0
1424	0
1424	0
1425	0
1426	6
1426	0
1426	0
1426	1
1426	1
1426	27
1426	1
1426	1
1426	0
1426	1
1426	0
1427	0
1427	6
1428	4
1428	1
1428	1
1428	1
1428	27
1428	0
1429	0
1429	6
1429	12
1429	0
1430	1
1430	1
1430	1
1431	1
1432	1
1432	1
1433	1
1434	1
1434	1
1434	1
1434	1
1434	1
1435	1
1435	1
1435	1
1435	1
1435	1
1435	4
1435	2
1435	7
1435	1
1435	1
1435	1
1435	1
1435	1
1435	33
1435	1
1435	1
1435	0
1435	0
1435	1
1435	1
1435	1
1435	1
1435	1
1435	1
1435	1
1436	1
1436	1
1436	1
1436	1
1437	3
1437	1
1437	1
1437	1
1437	3
1437	7
1437	1
1437	1
1437	1
1437	2
1437	1
1437	0
1437	1
1437	0
1437	1
1437	0
1437	1
1437	1
1437	0
1437	1
1437	1
1437	1
1437	1
1437	0
1437	0
1437	0
1437	1
1437	1
1437	1
1437	1
1437	1
1437	0
1437	3
1437	7
1437	0
1437	1
1437	1
1437	1
1437	0
1437	0
1437	1
1437	0
1437	3
1437	1
1437	4
1437	0
1437	0
1437	1
1437	0
1437	1
1437	1
1437	1
1438	1
1439	3
1439	0
1439	0
1439	0
1440	0
1441	0
1442	1
1442	1
1442	1
1442	1
1442	2
1442	1
1442	1
1442	1
1442	1
1442	1
1442	1
1442	0
1442	1
1442	1
1442	3
1442	0
1442	1
1442	0
1442	1
1442	1
1442	1
1442	1
1442	1
1442	1
1442	1
1442	1
1442	1
1442	0
1442	3
1442	1
1442	1
1442	1
1442	1
1442	0
1442	1
1442	1
1442	1
1442	19
1442	1
1442	1
1442	0
1442	0
1442	1
1442	36
1442	1
1442	21
1442	1
1442	21
1442	3
1442	2
1442	0
1442	1
1442	4
1442	1
1442	1
1442	1
1442	47
1442	4
1442	10
1442	4
1442	1
1442	1
1442	1
1442	1
1442	0
1442	1
1442	1
1442	1
1442	0
1442	2
1442	7
1442	1
1442	1
1442	1
1442	0
1442	1
1442	2
1442	0
1442	0
1442	1
1442	1
1442	1
1442	1
1442	1
1442	21
1442	1
1442	1
1442	1
1442	28
1442	1
1442	3
1442	1
1442	1
1442	1
1442	1
1442	0
1442	1
1442	1
1442	1
1442	1
1442	1
1442	1
1442	1
1442	1
1442	1
1442	1
1442	1
1442	4
1442	1
1442	1
1442	1
1442	1
1442	1
1442	1
1442	7
1442	47
1442	1
1442	0
1442	0
1442	1
1442	33
1442	1
1442	1
1442	21
1442	1
1442	1
1442	1
1442	1
1442	0
1442	3
1442	1
1442	1
1442	1
1442	1
1442	1
1442	1
1442	1
1442	1
1442	2
1442	0
1442	0
1442	1
1442	1
1442	0
1442	1
1442	10
1442	3
1442	1
1442	1
1442	1
1442	1
1442	0
1442	1
1442	1
1442	2
1442	1
1442	1
1442	1
1442	2
1442	1
1442	1
1442	1
1442	7
1442	30
1442	1
1442	1
1442	0
1442	1
1442	1
1442	1
1442	1
1442	21
1442	1
1442	0
1442	0
1442	2
1442	1
1442	1
1442	1
1442	1
1442	1
1442	30
1442	1
1442	21
1442	2
1442	1
1442	4
1442	21
1442	33
1442	0
1443	1
1443	1
1444	0
1444	13
1445	2
1445	0
1445	10
1445	0
1445	0
1446	0
1446	10
1446	10
1446	1
1446	0
1446	2
1446	2
1447	12
1447	28
1447	0
1447	28
1447	28
1447	0
1447	0
1447	0
1447	0
1448	0
1448	0
1448	0
1448	0
1448	0
1448	0
1448	0
1449	1
1449	1
1450	1
1450	3
1450	0
1450	0
1450	2
1450	33
1450	33
1450	0
1450	0
1451	0
1452	7
1453	0
1454	1
1454	1
1454	1
1454	1
1454	1
1454	1
1454	1
1455	1
1456	1
1456	1
1457	2
1458	1
1459	1
1460	0
1461	0
1462	19
1462	0
1463	0
1464	0
1464	45
1464	40
1465	1
1466	0
1466	0
1466	1
1466	0
1466	0
1466	1
1466	1
1466	1
1466	1
1466	0
1466	0
1466	0
1466	0
1466	0
1467	0
1467	1
1467	0
1467	1
1468	4
1468	0
1468	0
1468	0
1469	0
1470	1
1471	1
1472	2
1473	1
1473	4
1474	10
1475	0
1476	3
1476	2
1477	1
1477	1
1477	1
1477	1
1477	1
1477	1
1477	1
1477	1
1477	1
1477	1
1477	1
1477	1
1477	1
1477	1
1477	1
1477	1
1477	1
1477	1
1477	1
1477	1
1477	1
1477	1
1477	1
1477	1
1477	1
1477	1
1477	1
1477	17
1477	1
1477	1
1477	1
1477	1
1478	10
1478	10
1478	10
1478	10
1478	10
1478	10
1478	10
1478	10
1478	10
1478	10
1478	10
1478	10
1478	10
1478	10
1478	10
1478	10
1478	10
1478	10
1478	10
1478	10
1478	10
1478	10
1478	10
1478	10
1478	10
1478	10
1478	10
1478	10
1478	10
1478	10
1478	10
1478	10
1478	10
1478	10
1478	10
1479	1
1479	1
1480	1
1480	1
1480	1
1480	0
1481	0
1482	0
1483	1
1483	1
1483	1
1483	1
1483	1
1483	16
1483	1
1483	1
1483	1
1483	1
1483	1
1483	3
1483	3
1483	0
1483	1
1483	1
1483	1
1483	0
1483	1
1483	1
1483	1
1483	1
1483	1
1483	1
1484	1
1484	1
1484	0
1484	4
1484	3
1484	1
1484	0
1484	4
1484	1
1484	1
1484	1
1484	1
1484	3
1484	1
1484	4
1484	1
1484	3
1484	0
1484	4
1484	0
1484	0
1484	3
1484	4
1484	1
1484	1
1484	0
1484	1
1484	0
1484	1
1484	1
1484	1
1484	3
1484	1
1484	1
1484	1
1484	3
1484	1
1484	0
1484	0
1484	0
1484	4
1484	0
1484	3
1484	6
1484	1
1484	0
1484	30
1484	0
1484	3
1484	4
1484	1
1484	0
1484	0
1484	1
1484	0
1484	30
1484	30
1484	4
1484	0
1484	0
1484	6
1484	30
1484	1
1484	0
1484	1
1484	30
1484	6
1484	3
1484	0
1484	8
1484	0
1484	0
1484	1
1484	1
1484	1
1484	7
1484	3
1484	4
1484	1
1484	3
1484	21
1484	0
1484	1
1484	1
1484	1
1484	1
1484	1
1485	0
1486	7
1486	4
1487	3
1488	1
1488	1
1489	1
1489	0
1490	0
1491	1
1491	1
1491	1
1491	1
1491	1
1491	1
1491	1
1492	1
1493	0
1493	0
1493	0
1493	0
1493	0
1493	0
1493	0
1493	0
1493	0
1493	3
1493	0
1493	0
1493	0
1494	0
1495	4
1496	12
1497	1
1498	1
1499	0
1500	0
1500	2
1501	1
1501	13
1502	1
1502	0
1502	0
1503	1
1503	1
1503	1
1504	1
1504	0
1504	3
1504	2
1505	1
1506	1
1507	1
1508	1
1509	0
1509	0
1510	1
1511	0
1511	0
1511	0
1511	0
1511	0
1511	0
1512	1
1513	8
1514	0
1515	0
1515	0
1515	2
1515	0
1516	0
1516	0
1516	0
1517	0
1518	1
1518	0
1518	0
1518	0
1518	0
1519	0
1519	0
1519	0
1519	0
1519	1
1519	1
1519	0
1519	0
1519	0
1519	1
1519	1
1519	3
1520	42
1520	42
1521	1
1521	1
1521	1
1522	0
1523	1
1523	1
1523	1
1523	1
1523	1
1523	1
1523	1
1523	1
1523	1
1523	1
1523	1
1523	1
1524	1
1525	1
1525	1
1526	4
1526	1
1527	50
1528	1
1528	1
1529	6
1529	6
1530	1
1531	0
1532	0
1533	0
1534	1
1535	0
1536	1
1537	1
1538	2
1538	21
1539	0
1539	0
1539	0
1539	0
1539	0
1539	0
1539	0
1539	0
1539	0
1540	1
1541	1
1542	1
1543	1
1544	1
1545	1
1546	1
1547	1
1548	1
1549	1
1550	1
1551	1
1552	0
1552	0
1552	0
1552	0
1552	0
1552	0
1552	0
1552	0
1552	0
1552	1
1552	0
1552	0
1552	4
1552	0
1552	0
1553	1
1553	1
1553	1
1553	1
1553	1
1554	1
1554	1
1555	1
1556	4
1557	2
1557	57
1557	57
1558	1
1558	1
1559	1
1560	3
1561	1
1562	4
1563	0
1564	3
1564	0
1564	0
1564	3
1565	0
1565	0
1566	0
1567	4
1568	1
1568	19
1569	10
1570	0
1571	0
1571	0
1572	4
1573	0
1574	1
1574	1
1574	1
1575	0
1575	1
1575	1
1575	1
1576	16
1576	0
1576	0
1576	0
1577	47
1578	2
1578	2
1579	0
1579	0
1580	0
1580	0
1580	0
1581	23
1582	1
1583	3
1583	0
1584	1
1584	1
1585	0
1585	1
1586	1
1587	0
1587	1
1588	1
1588	1
1589	2
1589	0
1590	23
1591	0
1592	1
1592	1
1593	1
1593	1
1593	1
1593	1
1593	1
1593	1
1593	1
1593	1
1593	1
1593	1
1593	7
1593	1
1593	1
1593	1
1593	1
1593	1
1594	3
1594	0
1595	1
1596	0
1596	0
1597	2
1597	1
1598	6
1599	2
1599	1
1599	2
1599	0
1599	1
1599	1
1599	1
1599	1
1599	0
1600	3
1601	0
1602	21
1603	0
1603	3
1604	1
1605	1
1606	1
1606	1
1606	1
1606	1
1606	1
1606	1
1606	1
1606	1
1606	1
1606	1
1606	1
1606	1
1607	1
1608	0
1609	1
1609	0
1609	3
1609	3
1609	0
1609	3
1609	1
1610	1
1610	0
1611	1
1612	3
1613	1
1613	1
1613	2
1613	1
1613	1
1613	0
1614	4
1615	3
1616	1
1617	0
1618	1
1619	1
1620	4
1621	1
1621	1
1622	1
1623	1
1623	1
1623	1
1623	1
1623	1
1623	1
1623	1
1623	1
1623	1
1623	1
1623	1
1623	1
1623	1
1623	1
1623	1
1623	1
1623	1
1623	1
1623	1
1623	1
1623	1
1623	1
1623	1
1623	1
1623	1
1623	1
1623	1
1623	1
1623	1
1623	1
1623	1
1623	1
1623	1
1624	1
1625	1
1626	3
1626	0
1626	0
1626	0
1626	1
1627	1
1628	0
1629	1
1630	1
1630	1
1631	3
1632	0
1633	2
1634	2
1635	0
1636	0
1637	3
1637	1
1638	21
1638	2
1638	2
1638	10
1638	0
1638	21
1638	0
1638	2
1638	0
1638	2
1638	0
1638	21
1638	0
1638	0
1638	33
1638	0
1638	2
1638	4
1638	2
1638	21
1638	2
1638	21
1638	21
1638	0
1638	0
1638	21
1638	3
1638	21
1638	0
1638	0
1638	10
1638	0
1638	21
1639	1
1639	1
1640	0
1640	0
1641	1
1641	1
1641	1
1642	1
1643	0
1643	0
1643	1
1643	1
1644	0
1644	0
1645	7
1646	0
1647	1
1648	2
1649	42
1649	42
1649	42
1650	1
1651	1
1651	1
1651	1
1652	4
1653	1
1653	0
1653	0
1653	0
1654	4
1655	0
1655	0
1655	0
1655	0
1655	0
1656	1
1657	0
1658	1
1659	1
1660	1
1661	3
1662	0
1663	4
1663	0
1663	0
1663	0
1664	0
1664	3
1664	3
1664	0
1665	4
1666	1
1667	1
1668	1
1669	1
1670	1
1671	1
1672	1
1673	1
1674	0
1675	31
1676	1
1677	0
1678	0
1679	0
1680	1
1680	1
1681	6
1682	0
1683	0
1684	0
1685	1
1686	0
1687	0
1688	0
1689	2
1690	1
1691	31
1691	58
1692	0
1692	0
1693	0
1693	0
1694	30
1695	3
1696	1
1697	1
1697	1
1697	1
1697	1
1697	1
1697	1
1697	1
1697	0
1697	1
1697	1
1697	1
1697	1
1697	1
1697	1
1697	1
1698	0
1698	1
1698	0
1699	21
1699	21
1699	0
1699	3
1699	2
1700	1
1701	1
1701	1
1701	7
1702	15
1703	4
1704	2
1705	1
1706	0
1707	0
1707	0
1707	0
1708	0
1708	0
1709	3
1710	1
1711	1
1712	3
1713	1
1713	1
1713	0
1713	3
1714	4
1715	2
1716	1
1717	1
1717	1
1717	1
1718	3
1718	0
1718	0
1718	0
1718	0
1719	0
1720	1
1720	1
1720	1
1720	1
1720	1
1721	1
1721	1
1721	1
1721	1
1721	1
1721	1
1721	1
1721	1
1722	0
1723	3
1724	1
1724	1
1724	1
1725	1
1725	1
1725	1
1725	1
1725	1
1725	1
1725	1
1726	1
1727	1
1728	2
1729	0
1730	1
1731	6
1732	1
1733	1
1734	1
1735	3
1736	0
1737	4
1737	4
1738	3
1739	4
1740	1
1741	1
1742	1
1742	1
1743	1
1744	3
1744	1
1744	1
1745	0
1746	0
1746	1
1747	0
1748	1
1749	0
1749	1
1750	0
1750	0
1750	0
1750	0
1751	2
1752	1
1752	1
1753	4
1754	0
1755	0
1756	1
1757	0
1758	1
1759	1
1759	1
1760	0
1761	10
1761	10
1761	1
1761	2
1761	2
1761	21
1762	1
1762	0
1762	0
1762	0
1763	2
1763	21
1763	21
1763	2
1764	2
1765	1
1766	1
1766	1
1767	1
1767	1
1768	1
1769	0
1770	3
1770	1
1771	4
1771	16
1771	4
1772	0
1773	2
1773	0
1774	0
1775	0
1775	0
1776	1
1776	1
1776	1
1776	1
1776	1
1776	1
1776	1
1776	1
1776	1
1776	1
1776	1
1776	1
1776	1
1776	1
1776	1
1776	1
1776	1
1776	1
1776	1
1776	1
1776	1
1776	1
1776	1
1776	1
1776	1
1776	1
1776	1
1776	1
1776	1
1776	1
1776	1
1777	0
1778	1
1779	0
1780	0
1781	0
1781	23
1781	0
1781	0
1781	0
1781	0
1782	0
1783	0
1784	2
1785	2
1785	2
1785	2
1785	0
1785	2
1785	2
1785	0
1786	0
1787	0
1788	1
1789	1
1789	2
1789	1
1789	0
1789	0
1789	0
1790	2
1791	1
1791	1
1792	1
1793	1
1794	1
1795	1
1795	1
1796	0
1797	1
1797	1
1797	1
1798	0
1799	1
1799	1
1799	1
1799	1
1799	1
1799	1
1799	1
1799	1
1799	1
1799	1
1799	1
1800	1
1801	1
1801	1
1802	0
1803	0
1803	3
1804	0
1805	0
1805	3
1805	0
1805	0
1805	0
1805	0
1806	0
1806	0
1807	1
1808	0
1808	0
1808	0
1808	0
1809	1
1810	1
1810	1
1810	1
1811	2
1811	2
1811	2
1811	2
1811	21
1812	0
1812	0
1812	0
1813	1
1814	0
1814	1
1814	0
1814	1
1815	10
1815	1
1816	1
1817	0
1817	0
1817	0
1818	0
1819	4
1819	4
1820	1
1820	1
1820	1
1821	1
1822	32
1822	32
1822	32
1822	32
1823	1
1823	1
1823	1
1823	1
1823	1
1823	1
1823	1
1823	1
1823	1
1823	1
1823	1
1823	1
1824	10
1825	0
1825	0
1826	8
1827	1
1827	1
1827	1
1827	1
1827	1
1827	1
1827	1
1827	1
1827	1
1827	1
1827	1
1827	1
1828	0
1828	0
1829	0
1830	0
1830	0
1830	1
1830	1
1830	0
1830	0
1830	0
1830	0
1830	0
1830	0
1831	0
1832	1
1832	10
1833	0
1833	0
1834	1
1835	0
1836	1
1837	0
1838	0
1839	0
1840	1
1841	0
1842	0
1843	59
1843	59
1843	59
1843	59
1843	59
1844	0
1845	0
1846	1
1846	1
1847	1
1847	1
1848	0
1849	0
1849	0
1849	0
1850	0
1851	0
1852	6
1853	1
1853	1
1853	1
1853	1
1853	2
1853	1
1853	0
1853	0
1854	0
1855	1
1855	1
1855	1
1856	1
1856	1
1857	6
1858	0
1858	21
1858	0
1859	0
1859	3
1859	0
1859	0
1859	2
1859	0
1859	1
1860	8
1861	1
1861	1
1862	0
1863	1
1864	1
1864	3
1864	1
1865	3
1866	1
1867	2
1868	6
1869	4
1870	4
1870	0
1871	4
1871	0
1872	1
1872	1
1872	1
1873	3
1874	1
1875	1
1876	14
1877	1
1877	1
1878	1
1878	0
1879	0
1879	0
1879	0
1879	0
1879	0
1879	0
1879	0
1879	0
1880	3
1881	1
1882	1
1882	1
1882	1
1883	0
1884	0
1884	2
1884	1
1885	0
1885	1
1885	1
1885	1
1886	1
1887	1
1887	1
1887	1
1888	0
1889	1
1890	15
1890	15
1890	15
1890	15
1890	15
1890	0
1890	15
1890	15
1890	15
1890	15
1890	15
1890	15
1890	15
1890	15
1890	15
1890	15
1890	15
1890	15
1890	15
1890	15
1890	15
1890	15
1890	15
1891	1
1892	1
1893	1
1894	1
1895	3
1896	6
1897	1
1898	13
1899	1
1900	2
1901	1
1902	1
1902	1
1902	1
1902	1
1902	1
1902	1
1902	1
1902	1
1902	1
1902	1
1902	1
1902	1
1902	1
1903	1
1904	1
1905	0
1906	2
1907	0
1908	1
1909	10
1910	1
1911	1
1912	0
1913	0
1914	16
1915	1
1915	1
1915	1
1915	1
1915	1
1915	1
1915	1
1915	1
1915	1
1915	1
1915	1
1915	1
1915	1
1915	1
1916	2
1917	1
1918	1
1918	1
1919	1
1919	1
1920	2
1920	0
1921	3
1921	1
1922	10
1923	2
1924	2
1925	0
1925	10
1925	0
1925	0
1926	1
1927	6
1928	1
1929	1
1929	1
1929	1
1929	1
1929	1
1929	1
1929	1
1929	1
1929	1
1929	1
1929	1
1929	1
1929	1
1929	1
1929	1
1929	1
1929	1
1929	1
1929	7
1929	1
1929	1
1929	1
1929	1
1929	1
1929	1
1929	1
1929	1
1929	1
1929	1
1929	1
1929	0
1929	1
1929	1
1929	1
1929	1
1929	1
1929	1
1930	1
1931	2
1932	3
1933	0
1934	30
1935	1
1935	1
1936	1
1937	0
1938	1
1939	0
1940	1
1941	3
1941	3
1941	0
1942	1
1943	1
1943	1
1943	1
1943	1
1943	1
1943	1
1943	4
1944	7
1945	0
1946	0
1946	0
1947	1
1948	33
1949	0
1949	2
1950	1
1950	1
1950	1
1951	0
1952	0
1953	1
1953	1
1953	1
1953	1
1953	1
1953	1
1953	1
1954	1
1955	1
1956	27
1957	1
1957	1
1957	1
1957	1
1957	1
1957	1
1957	1
1957	1
1957	1
1957	1
1957	1
1957	1
1957	1
1957	1
1957	1
1957	1
1957	1
1957	1
1957	1
1957	1
1958	7
1958	4
1958	7
1958	4
1959	0
1960	1
1960	1
1960	1
1960	0
1961	1
1962	1
1963	1
1963	1
1963	1
1963	13
1963	1
1963	3
1963	1
1963	1
1963	1
1963	1
1963	1
1963	1
1963	1
1963	1
1964	1
1965	1
1965	7
1966	2
1966	2
1967	2
1968	1
1969	1
1970	1
1971	1
1971	1
1971	1
1971	1
1971	42
1971	1
1971	1
1971	1
1971	1
1971	1
1971	1
1971	1
1971	1
1971	1
1971	4
1971	4
1971	1
1972	0
1972	3
1973	0
1974	3
1975	0
1976	2
1976	10
1977	0
1978	2
1978	2
1978	0
1978	2
1979	0
1980	0
1980	2
1981	1
1981	1
1981	1
1981	1
1981	1
1981	1
1981	1
1981	1
1982	1
1982	1
1982	1
1983	0
1983	1
1984	1
1985	1
1986	4
1987	1
1988	2
1989	1
1989	1
1990	1
1990	1
1990	1
1991	0
1991	0
1991	0
1991	0
1991	0
1992	1
1993	1
1993	1
1993	1
1994	3
1995	1
1995	1
1995	1
1996	2
1997	7
1998	0
1998	3
1998	3
1998	3
1999	0
2000	0
2001	1
2002	1
2002	1
2002	3
2002	1
2002	1
2003	1
2004	0
2004	0
2005	1
2005	1
2005	1
2005	1
2006	0
2007	2
2008	0
2008	1
2008	0
2008	2
2008	2
2008	2
2008	14
2009	1
2009	1
2009	1
2009	1
2009	1
2009	1
2009	1
2009	4
2009	1
2009	1
2010	0
2010	0
2010	0
2011	1
2011	1
2011	1
2011	1
2011	1
2011	1
2011	1
2011	1
2011	1
2012	0
2013	2
2014	1
2014	2
2015	1
2016	0
2016	0
2017	1
2017	0
2017	0
2018	1
2019	1
2019	1
2019	2
2019	1
2019	1
2019	1
2019	1
2019	1
2019	1
2019	1
2019	1
2019	1
2019	1
2019	1
2019	1
2019	1
2019	1
2019	1
2019	1
2019	1
2019	1
2019	1
2019	1
2019	1
2019	1
2019	1
2019	1
2019	1
2019	1
2019	1
2019	1
2019	1
2019	1
2019	1
2019	1
2019	1
2019	1
2019	1
2019	1
2019	1
2019	1
2019	1
2019	1
2019	2
2019	1
2019	1
2019	1
2019	1
2019	1
2019	1
2019	1
2019	1
2019	1
2019	1
2019	1
2019	1
2019	1
2019	1
2019	1
2019	1
2019	1
2019	1
2019	1
2019	1
2019	1
2019	1
2019	1
2019	1
2019	1
2020	1
2021	47
2022	1
2023	1
2024	3
2025	3
2026	0
2027	5
2028	4
2029	0
2030	21
2030	21
2030	21
2030	1
2030	2
2031	15
2032	0
2033	29
2034	1
2035	1
2035	1
2035	1
2035	1
2035	1
2035	0
2036	1
2036	1
2036	1
2037	1
2038	0
2039	1
2040	0
2041	0
2042	0
2043	1
2044	12
2045	1
2046	0
2046	0
2046	0
2046	0
2047	1
2048	1
2049	0
2050	2
2051	1
2052	1
2052	1
2052	1
2053	1
2053	1
2054	0
2055	1
2056	1
2056	0
2057	14
2058	0
2059	0
2059	0
2059	0
2059	0
2059	0
2060	1
2061	0
2062	1
2063	1
2064	0
2065	11
2066	1
2066	1
2066	1
2066	1
2066	1
2066	1
2066	1
2066	1
2066	1
2066	1
2066	1
2066	1
2066	1
2066	1
2066	1
2066	1
2066	1
2066	1
2066	1
2066	1
2066	1
2066	1
2066	1
2066	1
2066	1
2066	1
2066	1
2066	1
2066	1
2066	1
2066	1
2066	1
2066	1
2066	1
2066	1
2066	1
2067	1
2068	1
2069	1
2070	40
2071	1
2072	1
2072	1
2072	1
2072	1
2072	1
2072	1
2072	1
2072	1
2072	1
2072	1
2072	1
2072	1
2072	1
2072	0
2072	4
2072	1
2073	1
2074	1
2075	1
2076	1
2076	1
2076	1
2077	1
2078	1
2079	0
2079	0
2080	11
2081	0
2081	2
2081	2
2081	2
2081	2
2081	0
2081	1
2081	2
2081	1
2081	0
2082	1
2083	13
2084	0
2085	1
2086	1
2087	4
2088	1
2089	1
2089	1
2090	0
2091	10
2092	1
2092	1
2092	1
2092	1
2092	1
2092	1
2093	21
2094	1
2095	3
2096	0
2097	0
2098	10
2098	10
2098	0
2098	0
2099	1
2099	1
2100	0
2101	6
2102	3
2102	1
2102	1
2103	1
2104	6
2105	1
2106	0
2107	3
2107	11
2107	3
2108	0
2108	0
2109	1
2109	1
2109	1
2109	1
2109	1
2109	1
2109	1
2109	1
2109	1
2109	1
2110	6
2110	6
2110	6
2110	6
2110	6
2110	6
2110	6
2110	6
2110	6
2110	6
2110	6
2110	6
2110	6
2110	6
2110	6
2110	6
2110	6
2110	6
2110	6
2110	6
2110	6
2110	6
2110	6
2110	6
2110	6
2110	6
2110	6
2110	6
2110	6
2110	6
2110	6
2110	6
2110	6
2110	6
2110	6
2110	6
2110	6
2110	6
2110	6
2110	6
2110	6
2110	6
2111	2
2112	0
2113	0
2113	2
2113	2
2114	0
2115	2
2116	15
2117	3
2117	3
2117	3
2117	3
2117	3
2117	3
2118	1
2119	21
2120	1
2121	3
2121	1
2121	1
2122	0
2122	0
2122	0
2122	0
2122	0
2122	2
2122	3
2122	0
2122	0
2122	2
2123	1
2123	1
2124	1
2125	1
2126	1
2126	1
2126	1
2126	1
2126	1
2126	1
2127	0
2128	1
2129	0
2129	0
2130	1
2131	4
2132	3
2133	1
2134	1
2135	4
2136	0
2137	1
2138	2
2138	2
2138	2
2139	1
2139	1
2140	1
2140	1
2140	1
2140	1
2140	1
2140	1
2140	7
2140	7
2141	1
2141	1
2141	1
2141	1
2142	2
2143	1
2144	0
2145	0
2146	1
2147	1
2148	1
2148	1
2149	1
2150	1
2151	1
2152	2
2152	1
2152	4
2152	1
2153	2
2154	1
2155	0
2155	1
2155	0
2155	0
2156	1
2156	1
2156	1
2156	1
2156	1
2156	1
2156	1
2156	1
2156	1
2156	1
2156	1
2156	1
2156	1
2156	1
2157	0
2158	1
2159	3
2160	3
2161	1
2161	1
2161	2
2161	4
2162	10
2163	0
2164	1
2165	1
2166	1
2167	1
2167	1
2168	1
2168	2
2168	0
2168	0
2168	1
2168	0
2169	6
2170	0
2171	6
2172	1
2172	0
2172	0
2172	0
2172	0
2173	1
2174	0
2175	0
2176	1
2177	2
2177	2
2177	2
2177	0
2178	1
2179	2
2180	2
2181	0
2182	2
2183	0
2184	1
2185	2
2186	0
2187	2
2188	8
2189	1
2189	1
2190	0
2191	1
2192	1
2192	1
2192	1
2192	1
2192	1
2192	1
2192	1
2192	1
2192	1
2192	1
2192	1
2192	1
2192	1
2192	1
2192	1
2192	1
2192	1
2192	1
2192	1
2192	1
2192	1
2192	1
2192	1
2192	1
2192	1
2192	1
2192	1
2192	1
2192	1
2192	1
2192	1
2192	1
2192	1
2192	1
2192	1
2192	1
2192	1
2192	1
2192	1
2192	1
2192	1
2192	1
2192	1
2192	1
2192	1
2192	1
2192	1
2192	1
2192	1
2192	1
2192	1
2192	1
2192	1
2192	1
2192	1
2192	1
2192	1
2192	1
2192	1
2192	1
2192	1
2192	1
2192	1
2192	1
2192	1
2192	1
2192	1
2193	1
2194	10
2194	10
2194	10
2194	10
2195	1
2195	1
2196	1
2196	1
2196	1
2197	15
2198	1
2199	0
2200	15
2201	1
2201	1
2202	1
2202	1
2202	1
2202	1
2203	6
2204	3
2205	4
2206	32
2206	32
2206	32
2206	32
2206	32
2206	32
2206	32
2206	32
2206	32
2206	32
2206	32
2206	32
2206	32
2206	32
2206	32
2206	32
2206	32
2206	32
2206	32
2206	32
2206	32
2207	1
2207	1
2207	1
2208	11
2209	0
2210	1
2211	4
2211	0
2212	0
2212	0
2212	0
2212	1
2212	0
2213	0
2214	1
2215	3
2216	1
2216	1
2217	1
2218	0
2219	0
2220	0
2220	3
2221	1
2222	0
2223	0
2224	0
2225	0
2225	0
2226	2
2226	4
2227	2
2228	1
2228	1
2229	1
2229	1
2229	1
2230	21
2230	4
2231	1
2232	1
2233	14
2234	1
2234	1
2234	1
2234	1
2234	1
2234	1
2234	1
2234	1
2234	1
2234	1
2234	1
2234	1
2234	1
2234	1
2234	1
2234	1
2234	1
2234	1
2234	1
2234	1
2234	1
2234	1
2234	1
2234	1
2234	1
2234	1
2234	1
2234	1
2234	1
2234	1
2234	1
2234	1
2234	1
2234	1
2234	1
2234	1
2234	1
2234	1
2234	1
2234	1
2234	1
2234	1
2234	1
2234	1
2235	1
2235	1
2235	1
2235	1
2235	1
2235	1
2235	1
2235	1
2235	1
2235	1
2235	1
2235	1
2235	1
2235	1
2235	1
2235	1
2235	1
2235	1
2235	1
2235	1
2235	1
2235	1
2235	1
2235	1
2235	1
2235	1
2235	1
2235	1
2235	1
2235	1
2235	1
2235	1
2235	1
2235	1
2235	1
2235	1
2235	1
2235	1
2235	1
2235	1
2235	1
2235	1
2235	1
2235	1
2236	0
2237	1
2238	1
2239	2
2240	1
2241	1
2241	1
2242	1
2243	1
2243	1
2243	1
2243	1
2243	1
2243	1
2243	1
2243	1
2243	1
2243	1
2243	1
2243	1
2243	1
2243	1
2243	1
2243	1
2243	1
2243	1
2243	1
2243	1
2243	1
2243	1
2243	1
2243	1
2243	1
2243	1
2243	1
2243	1
2243	1
2243	1
2243	1
2243	1
2243	1
2243	1
2243	1
2243	1
2243	1
2243	1
2243	1
2243	1
2243	1
2243	1
2243	1
2243	1
2243	1
2243	1
2243	1
2243	1
2243	1
2243	1
2243	1
2243	1
2243	1
2244	0
2244	0
2245	1
2246	1
2246	1
2246	1
2246	1
2246	1
2246	1
2246	1
2246	1
2247	1
2247	1
2247	1
2247	1
2248	0
2248	0
2249	1
2250	0
2250	1
2250	0
2251	10
2252	10
2253	2
2254	1
2255	1
2256	1
2257	1
2257	1
2257	1
2258	1
2259	0
2259	10
2259	10
2259	23
2259	23
2259	22
2259	0
2259	0
2259	0
2259	10
2259	23
2259	0
2259	25
2259	23
2259	25
2259	10
2259	0
2259	0
2260	3
2260	1
2261	1
2261	1
2261	1
2261	1
2261	1
2261	1
2261	1
2261	1
2261	1
2261	1
2261	1
2261	1
2261	1
2261	1
2262	1
2263	0
2264	0
2264	1
2264	1
2265	14
2266	1
2267	1
2268	1
2269	1
2270	0
2271	1
2271	1
2271	1
2271	1
2271	1
2271	1
2271	1
2271	1
2272	1
2273	3
2274	1
2275	1
2275	1
2275	1
2275	1
2275	1
2275	1
2275	1
2275	12
2275	1
2276	1
2277	1
2278	1
2278	1
2278	1
2278	1
2278	15
2278	1
2278	1
2278	1
2278	1
2278	1
2278	1
2278	1
2278	1
2278	1
2278	1
2278	1
2278	1
2278	1
2278	1
2279	1
2280	1
2281	1
2281	1
2282	1
2283	2
2284	5
2285	1
2286	3
2287	2
2288	1
2289	1
2290	1
2291	5
2292	0
2293	1
2294	15
2295	2
2296	1
2297	1
2298	1
2298	0
2298	1
2299	1
2299	1
2299	1
2299	1
2299	1
2299	1
2300	0
2301	0
2302	22
2303	1
2304	0
2304	1
2304	0
2304	2
2305	0
2306	1
2307	0
2308	1
2309	1
2310	1
2311	0
2312	1
2312	1
2312	1
2312	1
2312	1
2312	1
2313	1
2314	0
2315	1
2315	2
2315	2
2315	1
2315	2
2316	60
2316	60
2316	60
2316	60
2316	60
2317	1
2317	1
2318	1
2319	0
2319	0
2320	2
2321	1
2322	2
2322	3
2323	2
2324	4
2325	0
2326	2
2327	4
2327	4
2327	4
2327	4
2327	4
2328	2
2329	1
2330	0
2330	0
2330	0
2330	0
2330	0
2330	0
2330	0
2330	0
2330	0
2330	0
2330	0
2331	0
2331	0
2331	0
2331	0
2331	0
2331	0
2331	0
2331	0
2331	0
2331	0
2331	0
2331	0
2331	0
2332	6
2333	1
2333	1
2334	4
2334	1
2334	1
2334	4
2334	1
2335	2
2336	0
2337	1
2338	0
2338	0
2338	10
2338	0
2338	0
2338	10
2338	0
2338	0
2338	15
2338	10
2338	2
2339	1
2340	42
2341	21
2342	0
2342	0
2343	1
2343	1
2344	1
2344	1
2344	1
2344	1
2344	1
2344	1
2344	1
2344	1
2344	1
2344	1
2344	1
2344	1
2344	1
2344	1
2344	1
2344	1
2344	1
2344	1
2344	1
2344	1
2344	1
2344	1
2344	58
2344	1
2344	1
2344	1
2344	1
2344	1
2344	1
2344	1
2344	1
2344	1
2344	1
2344	1
2344	1
2344	1
2345	3
2346	1
2347	1
2347	1
2348	1
2348	1
2348	1
2348	1
2349	4
2349	1
2350	0
2350	0
2350	27
2350	0
2350	0
2350	0
2351	1
2352	1
2352	1
2352	1
2352	1
2352	1
2352	1
2352	1
2352	1
2352	1
2352	1
2352	1
2353	1
2354	4
2355	1
2356	0
2357	6
2358	2
2359	0
2360	1
2361	1
2362	0
2363	1
2364	3
2365	1
2365	1
2365	1
2366	1
2366	1
2366	1
2366	1
2366	1
2366	1
2366	1
2366	1
2366	1
2366	1
2366	1
2366	1
2366	1
2366	1
2366	15
2366	1
2366	1
2366	1
2366	1
2367	1
2368	0
2368	0
2368	0
2368	0
2368	0
2368	0
2368	0
2368	0
2369	0
2369	2
2370	1
2371	0
2372	1
2373	59
2373	59
2373	59
2373	59
2373	59
2374	1
2374	1
2374	1
2374	1
2374	1
2374	1
2374	1
2374	1
2374	1
2374	1
2374	1
2374	1
2374	1
2374	1
2374	1
2374	1
2374	1
2374	1
2374	1
2374	1
2374	1
2374	1
2374	1
2374	1
2374	1
2374	1
2374	1
2374	1
2374	1
2374	1
2374	1
2374	1
2374	1
2374	1
2374	1
2374	1
2374	1
2374	16
2374	1
2374	1
2374	1
2374	1
2374	1
2374	1
2374	1
2375	4
2376	1
2377	0
2378	4
2379	0
2380	0
2381	0
2382	0
2382	2
2383	3
2384	21
2385	1
2386	1
2387	1
2388	0
2389	1
2389	1
2390	1
2390	1
2390	1
2390	1
2390	4
2390	0
2391	0
2392	0
2393	1
2394	3
2395	0
2396	1
2396	1
2396	1
2397	4
2398	1
2399	0
2400	1
2400	0
2400	0
2400	0
2400	1
2401	3
2401	4
2401	0
2402	1
2402	1
2403	0
2403	1
2404	0
2405	3
2406	3
2407	0
2408	3
2409	2
2409	0
2410	0
2411	0
2412	1
2413	1
2413	1
2414	1
2415	1
2416	9
2416	9
2416	9
2416	9
2416	9
2417	0
2417	0
2417	0
2417	0
2418	1
2418	1
2419	1
2420	0
2421	0
2422	1
2423	1
2423	1
2423	1
2423	1
2424	1
2425	10
2426	10
2427	10
2428	2
2429	2
2430	3
2431	1
2432	3
2433	1
2434	0
2434	1
2435	1
2436	1
2436	1
2436	1
2436	1
2436	1
2437	1
2438	1
2439	1
2440	1
2441	1
2441	1
2441	1
2442	1
2443	49
2443	42
2443	49
2443	42
2443	42
2443	42
2443	42
2443	42
2443	42
2443	42
2443	42
2444	1
2445	1
2446	1
2447	1
2447	4
2447	1
2447	1
2447	1
2447	7
2448	1
2449	0
2449	2
2449	0
2449	0
2449	1
2449	0
2449	1
2450	1
2451	2
2452	0
2452	0
2452	0
2452	0
2452	0
2452	3
2452	0
2452	0
2452	0
2453	1
2454	4
2455	3
2455	0
2455	0
2455	0
2455	0
2455	0
2456	1
2457	0
2458	1
2459	4
2460	23
2460	23
2460	23
2460	23
2461	1
2462	4
2463	6
2463	6
2463	1
2464	14
2465	1
2466	30
2467	1
2468	5
2469	0
2470	0
2471	1
2472	1
2473	1
2474	24
2474	24
2474	24
2474	24
2474	24
2474	24
2474	24
2475	1
2476	0
2476	0
2476	3
2476	0
2476	1
2476	0
2476	0
2477	7
2478	5
2479	1
2480	1
2480	1
2480	1
2480	1
2481	1
2482	1
2483	2
2483	2
2483	2
2483	2
2483	2
2483	2
2483	2
2483	2
2483	2
2483	2
2484	1
2484	1
2485	1
2486	3
2487	0
2488	1
2489	4
