61	4
62	4
62	25
62	45
63	24
64	42
65	22
66	7
66	22
67	4
68	45
69	7
69	22
70	42
71	4
72	4
73	22
74	4
75	42
76	10
76	91
77	16
78	4
79	22
79	28
80	28
81	28
82	4
82	100
83	20
83	26
84	4
85	35
86	4
87	27
88	22
89	22
90	4
91	4
92	28
93	4
94	65
95	22
96	3
97	35
98	24
99	28
100	3
101	7
102	4
103	4
103	22
104	4
105	3
105	4
105	7
105	22
106	4
106	22
106	42
107	27
108	22
108	60
109	4
109	22
110	7
110	22
110	23
110	33
110	45
111	4
112	4
112	28
113	4
113	24
114	87
115	4
116	3
117	7
118	4
119	24
120	4
121	4
122	4
123	3
124	45
125	4
126	7
127	22
128	22
129	24
130	22
131	7
132	3
133	4
134	4
135	4
135	22
136	28
137	7
138	4
138	7
138	22
139	4
139	22
139	42
140	45
141	4
142	4
143	7
144	4
144	22
145	22
146	3
146	12
146	22
146	28
146	33
146	42
147	15
147	22
148	45
149	4
150	4
151	3
151	7
151	22
152	22
153	4
154	4
155	22
156	7
157	22
157	28
158	4
159	4
160	4
161	4
162	4
163	3
163	45
164	22
165	4
166	100
167	4
168	42
169	4
170	4
171	7
172	22
173	7
174	1
175	4
176	3
176	26
177	3
178	4
179	4
180	4
181	4
182	3
182	26
183	4
183	7
184	3
185	3
186	22
187	4
187	22
188	28
189	4
190	22
191	4
192	4
192	22
193	22
194	45
195	3
195	22
196	4
197	4
197	28
197	83
198	22
199	22
200	4
201	22
202	4
203	4
204	22
205	4
205	15
205	33
205	45
206	4
206	22
207	42
208	33
208	45
209	0
209	3
209	45
210	23
211	23
212	1
212	28
213	4
214	1
214	55
215	4
216	4
217	28
218	4
218	63
219	22
220	4
221	4
221	7
222	61
223	16
223	22
223	45
223	60
224	3
224	22
225	4
225	22
226	22
226	45
227	22
228	23
229	22
230	28
231	4
232	4
232	5
233	4
234	22
235	4
236	22
237	22
238	3
239	16
239	22
240	22
240	28
241	3
242	22
243	3
244	45
245	3
245	22
245	23
245	45
245	99
246	22
247	22
248	23
249	4
250	4
250	22
250	45
251	45
252	4
253	3
253	25
254	4
255	4
256	4
257	4
258	22
259	23
260	4
261	22
262	4
263	4
264	4
265	3
266	22
267	4
267	19
267	22
268	7
268	22
269	4
270	22
271	28
272	7
272	22
273	22
274	4
274	42
275	4
276	22
277	4
278	4
279	42
280	33
280	45
281	22
282	4
283	4
283	22
283	28
284	4
284	22
285	4
285	15
286	4
287	22
288	4
289	22
290	42
291	4
292	4
293	4
294	88
295	36
296	22
296	36
297	4
298	4
299	23
300	4
301	4
302	4
303	4
303	22
304	15
305	25
306	4
307	22
308	3
308	4
309	4
310	3
310	22
311	22
312	22
313	3
314	4
315	4
315	22
316	24
317	24
318	25
319	15
320	15
321	45
322	4
323	4
324	22
325	7
326	4
327	3
327	45
328	4
329	22
330	3
331	4
332	24
333	15
333	16
333	17
333	18
333	22
334	4
334	7
335	3
335	4
336	4
337	4
338	15
338	22
339	3
340	92
341	4
342	4
342	22
343	25
344	22
345	4
345	22
346	3
347	3
347	26
348	0
348	3
348	20
348	24
348	26
349	4
349	22
349	61
350	4
351	4
352	4
353	4
354	4
354	22
355	4
356	4
356	22
357	4
358	4
358	28
359	4
360	4
361	4
362	22
363	4
364	3
364	7
364	22
364	45
365	4
366	22
366	45
367	4
368	3
368	23
368	45
369	20
369	22
370	4
370	22
371	7
372	4
372	22
373	4
373	22
374	22
375	22
376	4
377	4
378	22
379	4
380	4
380	12
380	25
381	4
382	4
382	7
383	22
384	3
384	13
384	22
384	24
384	26
384	45
385	4
386	4
386	7
386	12
386	22
386	45
387	4
387	28
387	87
388	4
389	3
389	4
389	7
389	22
389	47
389	59
390	4
391	4
392	0
392	3
392	4
392	20
392	26
392	51
393	4
394	22
395	4
396	7
396	22
396	42
397	4
398	4
398	28
399	27
400	23
401	4
402	26
403	15
404	45
405	3
405	4
405	7
405	22
406	4
406	42
407	3
407	22
407	26
408	3
408	4
408	13
408	20
408	26
408	51
409	3
410	3
410	4
410	26
410	27
411	3
411	4
411	26
412	4
413	4
414	22
415	4
415	7
415	22
415	23
415	25
415	28
415	33
415	45
416	45
417	26
418	4
419	13
420	45
421	30
422	27
423	87
424	4
424	7
424	22
425	4
426	4
427	4
427	7
427	43
427	45
428	3
429	4
429	55
430	4
431	4
431	5
431	7
431	22
431	24
431	25
431	28
431	31
431	43
431	55
432	4
433	4
433	20
433	22
433	25
433	28
434	3
434	7
434	24
435	45
436	45
437	4
438	4
439	4
440	22
441	22
442	1
442	27
443	4
443	22
444	22
445	3
446	4
447	22
448	22
449	4
450	22
451	22
452	87
453	25
454	4
455	4
456	28
457	4
458	14
459	45
460	4
461	4
461	22
461	62
462	4
463	4
463	22
464	4
464	12
464	66
465	4
466	4
467	22
468	28
469	22
470	17
471	4
472	26
473	4
474	3
475	22
475	45
476	4
476	22
477	4
478	4
478	22
478	45
479	4
479	22
479	45
480	4
480	7
480	22
481	4
482	22
483	42
483	45
484	4
485	4
485	15
486	4
486	22
487	4
488	21
489	22
489	61
490	22
491	4
491	22
491	45
492	4
492	7
492	22
493	3
493	4
493	22
493	23
493	31
493	45
494	3
494	22
494	28
494	42
495	4
495	21
495	22
496	22
496	45
497	42
498	11
498	22
498	23
498	45
499	4
500	3
500	4
500	22
500	28
501	3
501	4
501	22
501	24
502	22
503	22
504	4
504	22
505	3
505	22
505	24
505	42
505	61
506	3
506	4
506	42
507	4
507	22
508	4
508	7
508	22
509	4
510	7
510	22
511	15
511	16
512	4
513	22
514	22
514	61
515	3
516	3
516	22
517	33
518	4
519	4
520	4
521	22
521	87
522	4
523	4
524	4
524	22
525	4
526	4
527	3
528	4
529	3
530	3
531	22
532	4
532	22
533	4
534	0
534	3
534	4
534	7
534	22
534	23
534	26
534	45
534	47
534	48
534	60
534	61
534	62
535	7
536	3
537	3
537	26
538	37
539	4
539	22
540	4
541	4
541	7
541	22
541	45
542	4
543	4
544	22
545	4
546	22
547	4
547	45
548	86
549	45
550	24
551	4
552	28
553	4
554	25
555	21
556	4
557	22
558	25
559	21
560	3
560	7
560	24
561	3
561	15
562	4
563	37
564	4
565	22
565	100
566	4
566	7
566	12
566	22
566	45
567	22
568	4
568	24
569	45
570	3
571	4
571	45
572	42
573	4
573	22
574	22
574	23
574	45
575	4
576	9
576	23
576	45
577	22
578	3
578	23
578	24
579	24
580	3
580	24
580	26
581	20
582	4
583	22
583	28
583	45
584	3
584	7
585	3
585	22
586	3
586	4
586	7
586	22
586	45
586	61
586	62
587	28
588	4
589	7
589	22
590	4
591	3
591	4
591	6
591	7
591	22
591	45
591	62
592	25
593	22
594	3
594	4
594	22
595	24
596	22
597	29
598	22
599	25
600	4
601	4
601	7
601	22
601	45
602	3
603	4
604	3
604	4
604	22
604	47
604	59
605	22
606	4
606	22
606	47
607	4
607	7
607	22
608	4
608	15
608	22
609	4
610	4
611	4
611	5
611	42
611	92
612	3
612	4
612	15
612	22
612	55
613	4
614	28
615	22
615	33
616	4
617	3
617	15
617	28
618	4
618	22
618	25
618	28
619	22
620	25
621	4
621	22
622	4
622	33
623	45
624	26
625	4
626	4
626	22
626	26
626	100
627	24
628	4
629	3
630	7
631	7
631	45
632	4
633	4
634	22
634	29
635	22
636	22
637	33
638	45
639	24
640	3
641	22
641	36
642	92
642	93
643	4
644	26
645	4
646	4
646	5
646	22
647	7
648	22
649	7
649	22
649	25
649	28
649	30
649	35
649	36
649	37
649	45
650	22
650	28
650	36
651	22
652	4
652	42
653	42
654	3
654	4
654	22
655	28
656	22
656	45
657	29
657	42
658	42
658	45
659	45
659	61
660	3
660	4
660	7
660	22
660	23
660	24
660	51
661	27
662	26
663	3
663	4
663	22
663	24
663	45
663	51
664	4
665	4
666	40
667	25
667	28
668	25
668	28
669	15
669	17
669	20
669	22
669	45
669	63
670	3
670	52
671	7
671	22
671	28
672	4
672	7
672	22
672	55
673	4
674	4
674	22
675	4
675	22
676	7
676	22
676	28
676	58
677	4
677	7
677	22
677	37
678	3
679	3
679	22
680	4
680	22
681	3
682	22
683	4
683	22
684	22
685	3
685	23
686	4
686	22
686	60
687	7
688	7
688	15
688	22
688	23
688	45
689	3
689	4
689	7
689	22
689	25
689	45
690	3
690	22
691	3
692	3
693	25
693	70
693	85
694	25
695	21
695	25
696	4
697	20
698	45
699	25
700	22
701	4
702	15
703	45
704	45
705	40
705	80
706	40
707	22
708	4
709	4
710	4
711	4
712	4
713	4
713	14
714	4
714	14
715	4
715	22
716	22
717	4
717	22
718	22
719	4
720	100
721	22
722	22
723	4
724	45
725	22
726	4
726	22
727	7
727	22
727	48
728	3
729	55
730	4
730	7
730	20
730	22
730	25
730	33
731	3
731	63
732	63
733	20
733	42
734	22
735	22
736	3
736	42
737	4
738	4
739	22
740	3
741	3
741	4
742	3
742	4
743	22
744	4
744	22
745	22
746	4
746	15
747	22
748	27
749	4
750	22
751	4
752	22
753	5
754	22
755	22
756	4
757	22
758	22
758	45
759	4
759	22
760	4
761	22
762	76
763	4
763	31
764	55
765	22
766	3
767	19
768	5
769	22
770	4
771	4
772	28
773	4
774	4
774	22
774	28
774	33
775	23
776	28
777	22
778	22
779	3
780	4
780	25
781	22
782	22
783	3
784	100
785	4
785	22
785	45
786	22
787	28
788	4
789	0
789	3
789	4
790	4
791	3
792	100
793	4
793	15
793	22
793	45
794	36
795	63
796	22
796	33
797	3
797	4
797	7
797	22
797	23
797	45
798	4
799	22
800	4
801	3
801	22
802	4
802	7
803	7
804	4
805	4
805	7
805	59
806	45
807	100
808	4
808	7
809	22
810	22
811	4
812	28
813	4
814	7
815	4
816	4
817	20
818	4
819	63
820	39
820	42
821	4
822	22
822	40
822	45
823	22
824	4
824	22
824	59
825	4
825	7
825	22
826	45
827	4
827	22
828	42
829	4
830	4
831	4
831	22
831	42
832	32
833	3
833	4
834	42
835	20
836	28
837	20
838	3
839	4
840	4
841	4
841	14
841	28
842	3
842	4
843	22
844	45
845	45
846	7
846	19
846	21
846	22
846	25
846	28
846	45
847	22
848	4
849	24
850	4
851	4
851	7
851	15
851	22
852	3
853	3
854	15
854	22
854	45
854	87
855	26
856	3
856	26
856	59
857	4
858	3
858	26
859	67
860	3
861	3
861	26
861	45
861	51
862	23
863	3
863	23
863	24
863	26
864	33
865	3
866	3
867	4
867	22
868	22
869	3
870	7
871	4
872	4
873	28
874	22
875	25
876	51
877	23
877	26
878	22
879	1
880	13
881	4
882	4
882	22
882	45
883	4
883	22
884	37
885	4
886	4
887	28
888	4
889	4
889	5
889	10
890	24
891	3
891	24
892	24
893	4
894	22
895	4
896	22
896	87
897	4
898	4
899	4
900	22
901	4
902	4
903	4
903	45
904	7
905	1
905	4
905	28
906	4
906	25
907	4
908	22
909	100
910	4
911	25
912	49
913	59
914	4
915	4
916	12
916	22
916	45
916	50
916	74
917	45
918	33
918	45
918	50
918	67
918	74
919	22
919	33
919	45
919	50
920	42
921	45
922	4
923	22
924	7
925	3
925	7
926	7
926	22
927	26
928	4
929	4
930	22
931	4
931	22
931	45
932	4
933	23
934	22
934	23
934	45
935	45
936	4
936	22
937	22
937	45
937	47
938	4
938	64
939	22
939	33
940	22
940	39
941	22
942	45
943	22
944	22
945	22
946	4
947	15
948	4
949	24
950	4
951	22
952	22
953	92
954	61
955	28
956	4
957	45
958	22
959	4
960	4
961	4
962	22
962	45
963	4
963	7
964	25
965	15
966	45
967	45
968	15
968	22
969	4
970	4
970	22
971	100
972	4
972	22
973	4
974	4
974	22
974	28
975	4
976	45
977	28
978	3
979	22
980	3
980	20
980	26
981	22
982	4
983	55
984	7
985	26
986	22
987	35
988	42
989	4
990	23
991	20
992	22
993	4
993	14
993	22
993	24
993	30
994	22
995	7
995	45
996	22
997	25
998	8
998	26
999	4
1000	4
1001	4
1002	26
1003	4
1003	22
1004	4
1005	22
1005	43
1006	4
1007	23
1008	4
1009	22
1009	45
1010	4
1010	7
1010	22
1011	22
1012	4
1013	4
1014	23
1015	3
1016	3
1017	22
1017	100
1018	3
1018	4
1019	22
1019	45
1020	24
1021	4
1021	92
1022	4
1023	22
1024	45
1025	4
1026	45
1027	22
1028	4
1028	61
1029	22
1030	23
1031	15
1031	22
1031	45
1032	4
1033	22
1033	23
1033	33
1034	4
1035	45
1036	3
1037	3
1038	3
1039	24
1040	4
1041	22
1042	4
1043	7
1044	22
1045	92
1046	7
1046	24
1047	30
1048	4
1049	92
1050	24
1051	7
1051	22
1051	28
1052	3
1052	4
1052	7
1052	20
1052	22
1052	28
1052	45
1053	4
1054	63
1055	42
1056	4
1057	4
1058	42
1059	22
1060	3
1061	4
1062	59
1063	3
1063	4
1063	26
1063	42
1064	4
1065	26
1066	20
1067	20
1067	22
1068	4
1068	22
1069	4
1070	22
1071	4
1072	3
1072	4
1072	22
1072	25
1072	28
1072	42
1072	45
1073	4
1073	22
1074	4
1074	22
1074	42
1075	4
1075	22
1075	28
1076	42
1077	4
1078	3
1079	24
1080	22
1081	4
1082	60
1083	22
1084	22
1084	45
1085	4
1086	22
1087	5
1087	14
1087	28
1087	40
1088	5
1089	22
1090	4
1091	5
1092	4
1093	22
1094	4
1095	43
1096	4
1097	4
1098	4
1098	7
1099	7
1099	28
1100	4
1101	22
1102	4
1103	7
1103	21
1103	28
1103	36
1103	37
1103	45
1104	36
1104	37
1104	45
1105	21
1105	28
1105	36
1106	4
1106	68
1107	22
1107	56
1108	15
1109	3
1109	24
1110	4
1110	91
1111	4
1111	5
1112	4
1113	3
1113	22
1114	1
1114	22
1114	33
1114	37
1114	40
1114	45
1115	22
1115	55
1116	7
1116	22
1116	28
1117	4
1117	22
1117	42
1118	33
1118	45
1119	4
1120	22
1121	4
1121	7
1121	22
1121	23
1121	36
1121	45
1122	45
1123	3
1124	4
1124	14
1125	4
1125	26
1126	4
1126	22
1126	25
1127	45
1128	45
1129	67
1130	4
1131	4
1132	4
1133	22
1134	4
1135	4
1135	30
1135	45
1135	77
1136	4
1137	4
1137	12
1137	25
1137	26
1137	30
1138	4
1139	4
1140	4
1140	28
1140	33
1141	4
1142	4
1142	7
1142	22
1143	22
1144	3
1145	15
1145	22
1146	4
1146	7
1146	22
1146	43
1147	42
1148	42
1149	11
1149	12
1149	15
1149	45
1149	50
1149	52
1149	74
1149	82
1150	4
1151	4
1152	7
1153	23
1154	24
1155	3
1155	4
1156	4
1156	7
1156	22
1156	26
1156	33
1157	22
1158	4
1159	4
1160	28
1161	22
1162	4
1163	4
1164	22
1165	45
1166	3
1166	4
1166	22
1167	4
1168	7
1169	7
1170	4
1171	4
1171	7
1171	22
1171	40
1171	48
1171	55
1172	22
1173	4
1174	55
1175	4
1175	7
1175	22
1176	4
1176	7
1176	22
1177	4
1177	7
1177	22
1177	42
1178	22
1178	59
1179	3
1180	22
1181	55
1182	63
1183	4
1183	15
1183	16
1183	17
1183	22
1183	45
1184	0
1184	3
1184	26
1185	3
1185	24
1186	22
1186	24
1187	3
1187	22
1187	24
1187	26
1188	29
1189	3
1190	3
1190	24
1190	26
1191	15
1191	22
1192	4
1193	3
1194	3
1194	20
1195	15
1195	22
1196	4
1196	22
1197	16
1197	45
1198	15
1198	16
1198	17
1198	22
1198	45
1198	87
1199	4
1199	7
1199	22
1199	45
1199	59
1200	100
1201	45
1202	22
1203	4
1204	4
1205	22
1206	3
1206	26
1207	77
1208	75
1209	68
1210	22
1211	66
1212	45
1213	28
1214	28
1215	28
1216	22
1217	4
1217	28
1218	16
1218	45
1218	65
1219	20
1219	22
1219	28
1220	4
1220	28
1221	15
1221	16
1221	17
1221	22
1222	4
1223	4
1224	3
1224	4
1224	22
1224	25
1224	28
1224	35
1224	45
1224	53
1225	22
1226	22
1227	7
1228	4
1229	3
1229	7
1229	22
1229	28
1229	35
1229	45
1229	59
1229	74
1230	3
1230	4
1230	7
1230	15
1230	16
1230	18
1230	22
1230	26
1230	43
1230	45
1230	57
1230	100
1231	22
1231	28
1231	33
1231	42
1231	45
1232	3
1232	22
1232	28
1233	4
1234	22
1234	68
1235	28
1235	45
1236	3
1236	15
1236	42
1237	4
1237	45
1238	62
1239	4
1240	7
1240	22
1241	4
1242	4
1243	4
1244	3
1244	7
1244	45
1244	100
1245	3
1245	7
1245	11
1245	21
1245	23
1246	28
1247	3
1247	4
1247	42
1248	4
1249	4
1249	22
1249	28
1250	4
1250	7
1250	22
1251	3
1251	4
1251	7
1251	22
1251	33
1251	37
1251	47
1251	59
1251	92
1251	100
1252	4
1253	4
1253	5
1253	7
1253	13
1253	22
1254	4
1255	4
1256	4
1256	15
1257	4
1257	15
1258	4
1258	28
1258	31
1258	55
1259	4
1259	5
1259	7
1259	22
1259	30
1260	4
1260	22
1261	4
1261	5
1261	31
1261	55
1262	4
1263	3
1263	4
1263	7
1263	15
1263	20
1263	22
1263	23
1263	25
1263	28
1263	33
1263	35
1263	45
1263	59
1263	62
1264	4
1264	22
1264	59
1265	4
1265	22
1265	59
1266	4
1267	4
1268	3
1268	4
1268	5
1268	7
1268	22
1268	28
1268	34
1268	42
1269	22
1270	4
1271	4
1271	22
1271	42
1271	59
1272	1
1273	4
1274	4
1274	7
1274	22
1274	26
1274	47
1274	100
1275	4
1275	22
1275	28
1275	59
1276	12
1277	4
1278	4
1278	22
1278	55
1279	4
1280	3
1280	4
1281	4
1282	4
1283	42
1284	4
1285	4
1285	7
1286	4
1287	4
1287	22
1287	48
1288	4
1288	7
1288	22
1288	23
1288	53
1289	22
1290	4
1290	7
1291	4
1292	4
1293	22
1294	4
1294	22
1295	24
1296	12
1296	22
1296	26
1296	33
1296	45
1296	53
1296	67
1296	77
1296	81
1297	4
1298	4
1299	23
1300	11
1300	23
1300	33
1300	45
1301	22
1301	33
1301	45
1301	50
1301	67
1301	69
1302	4
1302	7
1303	22
1304	28
1305	37
1306	4
1306	55
1307	23
1307	45
1308	4
1309	4
1309	5
1310	22
1310	45
1311	22
1312	4
1313	15
1313	45
1314	4
1315	3
1315	4
1315	22
1315	28
1315	33
1315	42
1316	22
1317	22
1318	22
1318	28
1318	56
1319	22
1320	4
1321	4
1321	7
1322	4
1322	22
1323	4
1323	45
1324	22
1325	4
1326	4
1326	22
1326	56
1327	4
1328	4
1329	4
1330	22
1331	4
1331	24
1332	22
1333	4
1333	53
1334	22
1335	28
1336	2
1336	22
1336	28
1336	36
1336	55
1337	4
1337	28
1338	4
1338	7
1339	4
1339	7
1339	28
1339	59
1340	4
1340	7
1341	4
1341	28
1341	87
1342	22
1342	67
1343	4
1343	5
1344	4
1345	22
1346	25
1347	22
1348	22
1348	45
1349	12
1349	22
1349	33
1349	45
1349	50
1349	67
1349	89
1350	7
1351	20
1351	22
1352	7
1352	29
1353	22
1353	23
1354	4
1355	4
1356	22
1357	3
1358	22
1359	4
1360	4
1360	7
1360	33
1360	100
1361	14
1362	4
1362	22
1362	28
1362	42
1363	4
1363	22
1364	4
1364	56
1365	4
1366	4
1366	22
1367	4
1367	22
1368	24
1369	4
1369	28
1369	45
1370	3
1371	4
1372	22
1373	4
1373	22
1374	76
1375	3
1375	4
1375	24
1375	26
1375	61
1376	4
1376	42
1377	3
1378	22
1379	4
1379	28
1380	22
1380	24
1380	43
1380	55
1381	22
1382	4
1382	22
1383	3
1384	3
1384	22
1385	4
1386	7
1386	22
1387	22
1387	23
1387	28
1388	22
1389	22
1389	24
1390	22
1390	26
1391	26
1392	4
1392	15
1392	16
1392	22
1392	87
1393	3
1393	4
1393	15
1393	23
1393	33
1393	45
1394	4
1394	15
1394	23
1394	33
1394	45
1395	4
1396	7
1396	22
1397	4
1397	42
1398	4
1399	4
1400	4
1400	22
1401	22
1402	25
1403	7
1404	4
1404	22
1405	15
1405	22
1405	45
1406	15
1406	23
1407	4
1408	15
1409	26
1410	22
1410	33
1410	45
1411	87
1412	7
1413	42
1414	4
1415	4
1416	60
1417	22
1418	15
1418	17
1418	22
1418	35
1419	7
1419	15
1419	16
1419	17
1419	18
1419	22
1419	23
1419	33
1419	45
1420	4
1421	22
1421	100
1422	22
1423	26
1424	0
1424	24
1424	51
1425	4
1425	22
1426	4
1426	7
1426	22
1427	45
1428	4
1428	22
1429	4
1429	22
1430	22
1431	4
1432	4
1432	22
1433	28
1434	22
1435	22
1436	22
1437	22
1438	22
1438	45
1439	7
1440	33
1441	4
1442	23
1443	28
1444	4
1444	55
1445	4
1445	55
1446	26
1447	22
1447	28
1448	4
1449	4
1449	22
1450	22
1451	28
1452	28
1453	22
1454	28
1455	4
1456	7
1457	22
1458	4
1459	4
1460	22
1461	4
1461	22
1461	25
1462	7
1462	22
1463	0
1463	3
1463	26
1464	4
1465	4
1465	22
1465	28
1466	22
1467	28
1468	7
1469	7
1470	22
1471	7
1472	3
1472	22
1472	45
1473	22
1474	22
1475	4
1476	4
1477	4
1478	22
1479	4
1479	22
1480	4
1480	22
1481	22
1481	42
1482	3
1483	4
1484	67
1485	3
1485	26
1486	4
1486	22
1487	1
1488	0
1488	3
1488	13
1488	24
1488	26
1489	7
1489	42
1490	45
1491	22
1492	3
1493	4
1494	4
1495	4
1496	4
1497	22
1498	4
1498	7
1498	22
1498	26
1498	33
1499	22
1500	3
1500	4
1500	7
1501	3
1502	23
1502	45
1503	3
1503	4
1503	23
1503	45
1504	4
1505	4
1506	3
1506	28
1507	22
1508	7
1508	22
1509	22
1509	28
1510	19
1511	3
1511	24
1511	26
1512	22
1513	22
1514	22
1515	4
1515	22
1516	24
1517	7
1517	22
1518	23
1519	4
1519	22
1519	28
1520	4
1521	4
1521	28
1521	55
1522	25
1523	22
1524	22
1525	4
1526	4
1526	20
1526	22
1527	4
1528	4
1529	42
1530	42
1531	3
1532	7
1533	22
1534	3
1534	4
1534	22
1535	4
1536	22
1537	3
1537	7
1537	22
1537	45
1538	55
1539	4
1539	22
1540	4
1540	12
1540	22
1540	61
1541	22
1541	60
1541	100
1542	4
1542	60
1543	4
1543	12
1544	13
1545	4
1545	7
1545	12
1545	22
1545	43
1545	59
1546	4
1547	3
1547	4
1547	22
1548	22
1549	22
1550	4
1551	24
1552	4
1553	25
1553	28
1553	36
1554	4
1554	22
1554	25
1555	3
1556	3
1557	42
1558	19
1558	22
1559	29
1560	22
1561	4
1562	4
1562	42
1563	22
1564	22
1565	3
1566	26
1567	4
1568	19
1569	4
1570	25
1571	45
1572	22
1573	4
1573	22
1574	4
1575	3
1576	45
1577	4
1577	22
1578	3
1578	4
1578	7
1578	22
1578	33
1579	23
1580	3
1580	4
1580	7
1580	20
1580	22
1580	28
1580	42
1580	44
1580	60
1580	100
1581	3
1581	22
1582	3
1583	33
1584	33
1584	45
1585	15
1585	22
1586	22
1586	64
1587	4
1588	4
1588	28
1589	4
1589	5
1590	4
1591	4
1592	28
1593	4
1593	28
1593	42
1594	62
1595	28
1595	60
1596	42
1597	3
1597	4
1597	45
1597	55
1598	7
1598	22
1599	22
1600	22
1601	4
1602	79
1603	4
1603	22
1603	45
1604	4
1605	4
1606	3
1607	4
1607	59
1608	42
1609	22
1610	64
1611	3
1611	4
1611	7
1611	22
1612	22
1613	4
1614	3
1614	15
1615	15
1616	15
1617	55
1618	4
1618	23
1618	45
1618	75
1618	84
1619	3
1620	4
1621	28
1622	4
1622	7
1622	15
1622	22
1623	28
1624	4
1624	7
1624	22
1624	28
1624	45
1625	3
1625	4
1626	22
1627	22
1628	37
1629	23
1630	3
1630	4
1630	22
1630	59
1631	15
1632	81
1633	4
1633	22
1634	3
1635	4
1636	4
1636	20
1636	22
1637	4
1637	7
1637	22
1637	38
1638	4
1638	7
1638	22
1638	27
1638	33
1638	43
1638	45
1638	48
1638	61
1639	4
1640	0
1640	3
1640	4
1640	7
1640	20
1640	22
1640	23
1640	26
1640	45
1641	7
1641	22
1642	4
1643	55
1644	4
1644	7
1644	22
1644	26
1644	42
1645	22
1645	62
1646	38
1646	62
1647	22
1648	22
1649	7
1650	22
1651	3
1651	20
1652	23
1653	26
1653	60
1654	37
1655	28
1656	22
1657	22
1658	4
1658	7
1658	24
1659	4
1660	4
1660	49
1661	3
1661	13
1661	22
1661	24
1662	3
1662	24
1662	26
1663	3
1663	22
1663	23
1664	4
1665	4
1666	45
1667	23
1667	45
1668	7
1669	14
1670	4
1670	7
1671	24
1672	4
1672	22
1673	22
1674	3
1675	7
1675	22
1675	45
1676	22
1677	4
1678	22
1678	28
1679	22
1680	4
1680	22
1681	4
1682	3
1682	24
1683	22
1684	4
1685	15
1686	4
1686	22
1687	4
1688	63
1689	3
1689	4
1690	3
1690	4
1690	24
1691	0
1691	4
1691	45
1692	7
1692	22
1693	22
1694	4
1694	22
1695	28
1696	4
1697	22
1698	4
1698	22
1699	3
1699	4
1699	7
1699	15
1699	22
1699	23
1699	45
1699	48
1700	3
1700	4
1700	15
1700	22
1701	45
1702	4
1703	4
1704	4
1704	7
1704	59
1705	4
1706	4
1707	45
1708	22
1708	34
1709	3
1710	25
1711	7
1712	52
1713	97
1714	13
1714	42
1715	45
1716	45
1717	4
1718	4
1719	24
1720	4
1721	4
1721	22
1722	45
1723	4
1724	4
1724	67
1725	3
1726	4
1727	7
1727	22
1727	28
1728	28
1729	22
1730	7
1731	22
1731	48
1732	22
1733	3
1733	26
1734	15
1734	45
1735	22
1736	22
1736	45
1737	40
1738	4
1739	22
1740	22
1740	45
1741	4
1742	4
1743	4
1743	22
1743	23
1744	4
1745	4
1746	4
1747	45
1748	3
1749	4
1750	4
1751	22
1752	22
1752	23
1753	4
1754	22
1755	23
1756	4
1757	3
1758	7
1759	28
1760	4
1761	45
1762	42
1763	7
1763	22
1764	22
1765	22
1766	22
1767	4
1768	11
1769	4
1770	3
1770	4
1770	26
1771	4
1771	7
1772	4
1772	7
1772	28
1773	4
1774	4
1775	22
1776	4
1776	22
1777	3
1778	4
1779	4
1779	42
1780	4
1781	22
1781	28
1782	4
1782	28
1783	4
1783	22
1783	23
1783	45
1784	45
1785	4
1785	22
1786	4
1786	20
1786	22
1786	23
1786	45
1786	47
1787	4
1787	22
1788	25
1789	45
1790	3
1791	26
1792	4
1793	4
1793	45
1794	23
1795	22
1795	45
1796	24
1796	45
1797	4
1798	22
1799	25
1800	26
1800	45
1801	3
1801	19
1801	22
1801	47
1802	28
1803	4
1804	4
1804	22
1805	22
1806	4
1806	7
1807	4
1807	7
1808	7
1809	25
1810	42
1811	22
1812	4
1812	7
1812	22
1812	42
1812	45
1813	4
1813	7
1813	22
1813	42
1813	45
1814	4
1814	7
1814	22
1814	42
1814	45
1815	4
1815	7
1815	22
1815	42
1815	45
1816	36
1817	36
1818	4
1818	45
1819	45
1820	3
1821	22
1822	36
1822	49
1823	45
1824	26
1825	4
1825	22
1825	45
1826	4
1826	22
1827	4
1827	7
1827	22
1828	7
1828	22
1828	43
1828	59
1829	4
1829	7
1829	22
1829	34
1829	58
1829	59
1830	4
1830	22
1830	28
1831	22
1832	4
1833	22
1834	59
1835	4
1835	7
1835	22
1836	4
1837	4
1837	22
1838	45
1839	22
1839	38
1840	100
1841	7
1842	3
1843	92
1844	4
1845	4
1846	22
1847	3
1848	22
1849	3
1849	4
1850	3
1850	4
1851	22
1852	45
1853	3
1854	3
1854	9
1854	20
1854	23
1854	42
1855	3
1855	4
1855	15
1855	20
1855	22
1855	33
1855	45
1856	22
1857	4
1857	28
1857	42
1857	45
1858	24
1859	22
1860	4
1861	4
1862	3
1863	26
1864	22
1864	36
1865	7
1865	42
1866	4
1866	15
1866	22
1866	23
1866	45
1866	99
1867	4
1867	19
1867	22
1867	42
1868	4
1869	23
1869	45
1870	4
1870	7
1870	11
1870	15
1870	22
1870	23
1870	42
1870	45
1871	4
1872	3
1872	4
1872	45
1873	36
1874	4
1875	4
1876	28
1877	53
1878	4
1879	4
1880	7
1881	7
1882	22
1883	27
1884	22
1885	4
1885	33
1885	45
1886	87
1887	22
1888	77
1889	40
1890	22
1891	4
1892	45
1893	4
1893	22
1894	45
1895	3
1895	13
1896	4
1897	4
1898	3
1899	4
1900	3
1901	22
1902	4
1903	22
1904	72
1905	22
1906	4
1906	28
1907	22
1908	22
1909	40
1910	42
1911	3
1911	26
1912	4
1913	12
1914	4
1915	22
1916	23
1917	28
1918	4
1919	4
1920	4
1920	25
1921	4
1922	3
1923	45
1924	22
1925	4
1926	45
1927	4
1928	22
1929	4
1930	4
1930	7
1930	22
1930	38
1930	62
1931	4
1932	45
1933	45
1934	22
1935	23
1936	4
1937	4
1937	22
1938	20
1939	22
1940	22
1941	3
1942	37
1943	4
1943	42
1944	4
1945	22
1946	22
1947	3
1947	4
1948	4
1949	7
1950	3
1950	22
1951	23
1952	4
1953	4
1954	4
1955	45
1956	4
1957	4
1958	4
1958	7
1958	28
1958	45
1959	74
1960	4
1960	22
1960	60
1961	4
1961	22
1961	45
1961	92
1962	4
1963	4
1963	22
1963	45
1964	4
1964	22
1964	92
1965	4
1966	4
1967	3
1968	22
1969	4
1969	7
1969	22
1970	4
1971	4
1972	3
1972	8
1972	23
1972	51
1973	28
1974	4
1975	7
1976	4
1977	3
1978	4
1979	3
1979	4
1980	22
1980	58
1981	4
1982	4
1983	20
1984	26
1985	4
1986	22
1986	23
1987	3
1987	7
1987	21
1987	45
1988	45
1989	4
1989	22
1989	23
1989	45
1990	4
1991	59
1992	22
1993	22
1994	4
1995	4
1996	22
1997	3
1998	3
1998	4
1999	23
2000	26
2001	3
2002	4
2003	4
2004	22
2005	4
2006	26
2007	15
2008	4
2009	33
2010	28
2011	4
2012	3
2012	28
2012	74
2013	4
2014	7
2015	22
2016	22
2017	4
2018	4
2018	87
2019	4
2020	4
2020	22
2020	42
2021	4
2021	7
2022	4
2023	4
2023	7
2024	4
2024	22
2025	4
2026	15
2026	22
2027	4
2027	22
2028	1
2028	4
2029	25
2030	4
2031	7
2031	22
2032	4
2032	22
2033	3
2033	4
2033	7
2033	20
2033	22
2034	28
2035	24
2036	3
2036	26
2037	0
2037	7
2037	26
2038	4
2039	3
2040	4
2040	22
2041	22
2042	100
2043	4
2043	7
2044	28
2045	4
2046	100
2047	4
2048	22
2049	3
2049	26
2050	7
2051	7
2052	22
2052	23
2053	4
2054	22
2055	26
2056	100
2057	25
2058	45
2059	4
2060	45
2061	22
2062	22
2062	45
2063	4
2063	28
2064	4
2065	28
2066	4
2066	100
2067	22
2067	23
2067	28
2067	30
2067	37
2067	49
2068	45
2069	22
2070	22
2071	4
2072	4
2073	12
2073	45
2074	22
2074	45
2075	4
2076	22
2076	28
2077	4
2077	22
2078	87
2079	7
2080	3
2080	22
2081	28
2082	28
2083	4
2084	33
2085	77
2086	4
2087	23
2088	4
2089	23
2090	3
2090	24
2091	4
2092	28
2093	4
2094	4
2095	7
2095	45
2096	4
2097	22
2098	4
2098	42
2099	4
2099	5
2099	45
2100	22
2100	100
2101	47
2102	4
2103	22
2104	45
2105	4
2105	7
2106	4
2107	4
2108	55
2109	33
2109	45
2110	28
2111	4
2112	4
2113	7
2113	22
2113	45
2114	4
2115	4
2116	4
2117	4
2118	3
2118	4
2118	24
2118	26
2119	3
2119	22
2119	42
2120	33
2120	45
2121	4
2121	7
2121	22
2121	28
2121	35
2121	42
2122	22
2122	28
2123	4
2123	45
2124	7
2124	22
2124	28
2124	45
2124	62
2125	22
2126	7
2127	4
2127	22
2127	28
2128	4
2129	28
2130	3
2130	4
2130	26
2131	4
2131	42
2132	26
2133	22
2134	46
2135	14
2136	14
2137	3
2138	22
2139	4
2140	4
2140	31
2140	42
2140	63
2141	4
2141	23
2141	45
2142	4
2143	22
2144	4
2145	22
2146	4
2147	4
2148	4
2148	7
2148	22
2148	39
2149	4
2150	28
2150	30
2151	95
2152	42
2153	25
2154	4
2155	3
2156	4
2157	22
2157	23
2157	45
2158	25
2158	55
2159	30
2160	25
2160	30
2161	30
2162	4
2162	22
2163	4
2164	4
2164	22
2165	15
2166	4
2166	45
2167	22
2167	24
2168	3
2168	4
2168	7
2168	13
2168	20
2168	22
2168	23
2168	24
2168	26
2168	51
2169	4
2169	22
2169	25
2169	43
2170	22
2171	43
2172	59
2173	43
2174	4
2175	4
2175	22
2175	45
2176	3
2176	20
2177	4
2177	43
2178	3
2178	4
2178	22
2178	25
2178	43
2179	22
2180	43
2181	5
2182	3
2183	22
2184	55
2185	4
2185	22
2186	4
2187	4
2188	4
2188	15
2188	23
2188	45
2189	4
2189	45
2190	4
2191	22
2192	22
2193	7
2193	22
2194	4
2195	4
2195	7
2195	22
2195	33
2195	35
2195	59
2196	4
2196	7
2197	4
2198	45
2199	4
2199	7
2199	22
2199	53
2200	4
2200	59
2201	4
2202	4
2202	22
2203	4
2204	4
2205	4
2206	4
2207	4
2208	4
2209	4
2210	4
2211	4
2212	22
2213	4
2214	4
2215	4
2216	4
2216	7
2216	22
2217	22
2218	7
2219	4
2219	22
2220	42
2221	4
2221	7
2221	22
2222	4
2223	4
2224	4
2225	4
2225	22
2225	45
2226	4
2226	22
2227	4
2227	7
2227	15
2227	20
2227	22
2228	22
2229	22
2230	1
2231	22
2232	4
2233	45
2234	4
2235	4
2236	4
2236	28
2237	28
2238	45
2239	4
2240	23
2241	28
2242	22
2243	22
2244	22
2245	45
2246	28
2247	4
2248	22
2249	4
2250	4
2251	4
2252	4
2253	4
2254	4
2255	4
2256	4
2256	7
2257	19
2257	42
2257	74
2258	7
2258	45
2259	45
2260	4
2261	22
2261	33
2262	4
2262	45
2263	7
2263	22
2263	63
2264	45
2265	4
2266	4
2267	22
2268	22
2269	4
2269	22
2270	4
2270	92
2271	22
2272	23
2273	4
2274	100
2275	37
2276	7
2277	7
2278	3
2278	24
2279	25
2280	3
2280	7
2281	3
2282	28
2283	4
2283	45
2284	45
2284	67
2285	45
2286	45
2287	4
2287	100
2288	19
2288	94
2289	15
2290	45
2291	22
2292	45
2293	22
2294	3
2294	7
2295	0
2295	3
2295	26
2295	51
2296	3
2296	24
2297	0
2297	3
2297	4
2297	13
2297	20
2297	22
2297	24
2297	26
2297	29
2297	33
2297	41
2297	54
2298	4
2299	4
2300	4
2301	4
2302	22
2303	4
2304	7
2305	7
2306	14
2306	17
2307	4
2308	4
2308	45
2309	99
2310	14
2310	28
2311	3
2312	4
2313	7
2314	4
2315	4
2316	24
2316	42
2317	4
2318	4
2319	4
2319	29
2319	91
2320	4
2320	22
2321	42
2322	42
2323	4
2323	22
2323	42
2324	42
2325	4
2326	4
2327	4
2328	4
2329	4
2330	4
2331	20
2332	42
2333	4
2333	26
2334	22
2335	4
2335	22
2335	28
2336	3
2336	4
2336	7
2336	20
2336	22
2336	37
2337	4
2337	22
2337	33
2337	59
2338	4
2338	22
2339	33
2340	42
2341	4
2342	4
2342	7
2342	22
2342	28
2343	28
2344	22
2345	22
2345	55
2346	36
2347	4
2347	22
2347	23
2348	4
2349	92
2349	98
2350	100
2351	22
2351	45
2352	3
2352	26
2353	3
2353	22
2353	25
2353	70
2353	71
2354	22
2355	4
2356	3
2357	71
2358	3
2358	70
2358	78
2359	4
2360	4
2361	4
2361	28
2362	4
2363	4
2363	22
2363	23
2363	25
2363	30
2363	45
2363	59
2364	4
2365	4
2365	28
2365	36
2366	4
2366	28
2366	36
2367	4
2368	4
2369	7
2370	22
2371	42
2372	4
2373	45
2374	22
2375	23
2376	4
2377	7
2378	4
2379	7
2379	45
2379	50
2379	53
2379	67
2379	89
2380	45
2381	3
2382	7
2383	4
2383	45
2384	3
2384	4
2384	28
2384	45
2385	4
2386	4
2387	22
2387	48
2388	3
2388	4
2388	26
2388	28
2389	3
2390	22
2391	4
2392	3
2392	28
2393	4
2394	4
2395	63
2396	7
2396	45
2397	22
2398	4
2399	22
2400	4
2400	7
2400	22
2401	4
2401	7
2402	3
2403	22
2404	4
2404	22
2404	33
2404	45
2404	50
2404	52
2404	67
2404	74
2404	82
2404	96
2405	45
2405	52
2406	3
2407	45
2407	74
2408	15
2408	33
2408	45
2409	3
2410	100
2411	4
2412	4
2413	4
2414	25
2415	22
2416	22
2417	25
2418	25
2419	25
2419	28
2419	42
2420	22
2421	82
2422	4
2423	22
2424	4
2425	7
2425	22
2426	37
2427	37
2428	4
2429	4
2429	5
2429	7
2429	22
2429	33
2429	42
2429	50
2430	4
2430	22
2431	4
2432	4
2432	22
2433	4
2433	7
2433	22
2433	28
2433	39
2433	42
2434	4
2435	100
2436	4
2436	45
2437	24
2438	4
2438	22
2438	100
2439	4
2439	22
2439	45
2440	22
2441	3
2441	4
2441	22
2441	24
2441	26
2442	22
2443	22
2443	28
2444	42
2445	4
2445	22
2445	43
2445	100
2446	22
2446	100
2447	4
2447	22
2447	43
2448	12
2448	22
2448	100
2449	4
2449	42
2450	4
2451	4
2452	4
2453	4
2454	4
2454	22
2454	45
2454	60
2455	4
2455	28
2456	4
2456	7
2456	22
2456	45
2457	4
2458	4
2459	7
2459	22
2460	42
2461	22
2462	22
2463	3
2463	4
2463	7
2463	15
2463	22
2463	23
2463	24
2463	25
2463	33
2463	35
2463	37
2463	38
2463	45
2463	48
2463	53
2463	60
2463	62
2464	64
2465	4
2466	22
2466	59
2467	15
2467	22
2467	37
2467	45
2468	4
2468	15
2468	22
2468	23
2468	37
2468	45
2469	12
2469	22
2469	38
2470	22
2471	4
2472	3
2472	4
2472	7
2472	22
2472	23
2472	25
2472	28
2472	42
2472	45
2472	55
2472	60
2472	63
2472	92
2473	22
2474	22
2475	3
2475	26
2476	4
2477	22
2478	25
2479	4
2480	4
2481	4
2481	15
2481	22
2481	59
2482	45
2483	4
2484	4
2485	4
2486	4
2487	22
2488	22
2489	22
2490	3
2491	3
2492	67
2492	81
2493	28
2494	3
2495	4
2496	39
2496	42
2497	3
2497	22
2497	55
2497	62
2498	22
2499	22
2499	74
2499	82
2500	4
2501	4
2502	4
2503	4
2504	4
2504	42
2505	4
2506	4
2507	4
2507	22
2508	4
2508	22
2508	45
2509	4
2509	22
2510	22
2511	21
2511	22
2512	28
2513	42
2514	4
2515	22
2516	4
2517	4
2518	22
2519	22
2520	45
2521	4
2522	15
2523	22
2523	23
2523	24
2524	7
2524	23
2524	45
2525	4
2525	31
2526	23
2527	3
2528	3
2529	22
2530	15
2531	4
2532	4
2532	22
2533	22
2534	22
2535	4
2535	7
2535	22
2535	61
2536	4
2536	5
2536	7
2536	22
2536	28
2536	33
2536	35
2536	100
2537	22
2538	36
2538	73
2539	7
2540	4
2541	4
2541	22
2542	22
2543	4
2544	4
2545	100
2546	7
2546	22
2547	22
2548	3
2549	12
2550	4
2551	4
2552	22
2553	25
2554	22
2554	45
2555	4
2555	59
2556	5
2557	4
2557	22
2558	28
2559	3
2559	4
2560	23
2561	4
2561	7
2561	22
2561	45
2562	4
2563	4
2564	4
2565	51
2566	22
2567	28
2568	45
2569	4
2570	3
2570	24
2571	4
2572	22
2573	45
2574	4
2575	22
2576	4
2577	22
2578	22
2578	45
2579	22
2580	42
2581	22
2582	51
2583	16
2583	22
2584	4
2585	4
2586	3
2586	4
2586	22
2586	23
2586	45
2587	100
2588	22
2589	100
2590	4
2590	22
2591	4
2591	22
2592	4
2593	22
2594	4
2594	7
2594	22
2595	67
2596	22
2597	4
2598	3
2599	4
2599	42
2599	43
2600	22
2600	45
2601	4
2602	55
2603	4
2604	45
2605	28
2606	23
2607	26
2608	22
2609	45
2610	70
2611	22
2612	4
2613	4
2614	3
2615	45
2616	22
2617	23
2618	4
2619	4
2619	7
2620	4
2621	45
2622	22
2623	45
2624	64
2625	4
2626	22
2627	4
2628	40
2629	4
2630	4
2631	23
2632	15
2633	4
2634	4
2635	28
2636	4
2636	7
2637	69
2638	4
2639	4
2640	4
2640	7
2641	87
2642	3
2642	100
2643	28
2644	4
2645	28
2646	3
2647	22
2648	14
2649	4
2650	64
2650	87
2651	28
2652	22
2653	4
2654	4
2655	100
2656	7
2657	28
2658	22
2659	23
2660	4
2661	22
2662	3
2662	4
2663	3
2664	22
2665	7
2666	4
2667	4
2668	33
2668	45
2669	22
2670	22
2671	3
2671	22
2672	4
2673	7
2673	22
2673	100
2674	4
2675	88
2676	4
2677	4
2678	4
2679	4
2680	4
2681	4
2682	4
2683	4
2684	4
2685	22
2686	4
2687	4
2688	22
2689	28
2690	4
2690	22
2691	22
2692	28
2693	7
2694	4
2695	4
2695	22
2696	4
2697	71
2698	22
2699	4
2700	3
2701	7
2702	4
2702	22
2703	4
2704	4
2705	4
2706	22
2707	22
2708	4
2709	4
2709	42
2710	7
2710	22
2711	4
2712	45
2713	4
2714	22
2715	22
2715	25
2716	22
2717	23
2718	22
2719	3
2720	22
2721	45
2721	90
2722	45
2723	45
2724	4
2725	3
2725	4
2725	8
2725	19
2725	22
2725	38
2725	51
2726	28
2727	4
2728	3
2729	4
2730	33
2731	4
2732	4
2733	23
2734	7
2735	4
2736	22
2737	7
2737	22
2738	24
2739	3
2740	22
2741	4
2742	20
2743	22
2744	4
2744	23
2745	4
2745	62
2746	4
2746	22
2747	15
2748	22
2749	22
2750	4
2750	25
2750	28
2751	22
2752	22
2752	28
2753	3
2754	22
2755	4
2756	21
2757	4
2757	25
2758	3
2758	26
2759	4
2759	22
2759	28
2760	22
2760	61
2760	92
2761	53
2762	23
2762	45
2763	28
2763	100
2764	22
2765	22
2766	59
2767	16
2768	4
2769	42
2770	7
2770	22
2771	4
2772	4
2772	22
2773	4
2773	28
2774	7
2774	22
2775	4
2775	22
2775	25
2775	28
2776	23
2777	4
2778	22
2778	45
2779	16
2780	40
2781	22
2782	4
2783	4
2783	28
2784	3
2785	3
2786	7
2786	22
2787	28
2788	28
2789	4
2790	22
2791	3
2791	26
2791	42
2792	4
2792	45
2793	100
2794	4
2794	22
2794	45
2795	7
2796	3
2796	26
2797	22
2798	3
2798	24
2798	26
2799	33
2800	7
2800	22
2800	28
2800	36
2801	4
2802	4
2803	88
2804	22
2805	3
2806	3
2806	24
2806	26
2807	4
2808	28
2809	4
2810	3
2811	22
2812	4
2812	7
2812	22
2813	4
2813	22
2814	4
2815	4
2816	4
2817	23
2818	7
2819	7
2820	4
2820	22
2820	28
2820	45
2821	3
2822	37
2823	7
2824	4
2825	4
2826	4
2827	22
2828	22
2829	4
2829	14
2830	4
2830	25
2831	4
2832	22
2833	36
2834	4
2835	3
2836	4
2837	4
2838	4
2839	3
2840	4
2841	4
2842	4
2843	4
2844	3
2844	4
2844	7
2844	22
2845	4
2846	22
2847	4
2848	4
2849	45
2850	45
2851	4
2852	7
2852	23
2853	22
2854	25
2855	4
2856	4
2856	7
2856	22
2856	31
2856	35
2856	45
2856	55
2857	45
2858	45
2859	4
2860	4
2860	28
2860	45
2861	45
2862	22
2862	28
2863	4
2864	4
2865	22
2866	42
2867	4
2867	7
2867	24
2868	7
2868	15
2868	22
2868	23
2868	33
2868	45
2868	60
2869	4
2870	22
2871	51
2872	29
2873	4
2873	22
2874	25
2875	4
2876	40
2877	4
2878	4
2879	4
2880	4
2881	4
2881	22
2882	4
2883	22
2884	4
2884	25
2885	22
2886	4
2887	45
2888	4
2888	28
2889	67
2890	3
2891	4
2891	22
2891	25
2891	28
2891	55
2892	4
2893	4
2894	15
2894	22
2894	23
2894	28
2894	45
2895	7
2895	22
2896	4
2897	3
2898	4
2898	22
2899	22
2899	28
2900	4
2901	4
2902	4
2902	7
2902	22
2903	3
2903	22
2904	4
2905	4
2906	4
2907	4
2907	7
2907	22
2907	25
2907	28
2908	22
2908	25
2909	1
2909	4
2909	16
2909	42
2910	3
2910	7
2910	25
2911	28
2912	22
2912	23
2913	22
2914	4
2914	25
2915	7
2915	22
2916	4
2917	42
2918	26
2919	15
2919	22
2919	25
2919	45
2920	1
2920	4
2921	4
2922	28
2923	4
2924	28
2925	4
2925	45
2926	4
2927	4
2928	4
2929	4
2930	55
2931	25
2932	4
2933	4
2933	25
2934	22
2935	91
2936	4
2937	22
2938	22
2939	1
2940	3
2940	22
2941	1
2942	42
2943	22
2944	4
2945	100
2946	22
2946	23
2947	3
2948	22
2949	22
2950	4
2951	23
2952	7
2953	4
2954	22
2955	22
